1280
163 	323 	243
164 	324 	244
165 	325 	245
166 	326 	246
167 	327 	247
168 	328 	248
169 	329 	249
170 	330 	250
171 	331 	251
172 	332 	252
173 	333 	253
174 	334 	254
175 	335 	255
176 	336 	256
177 	337 	257
178 	338 	258
179 	339 	259
180 	340 	260
181 	341 	261
182 	342 	262
183 	343 	263
184 	344 	264
185 	345 	265
186 	346 	266
187 	347 	267
188 	348 	268
189 	349 	269
190 	350 	270
191 	351 	271
192 	352 	272
193 	353 	273
194 	354 	274
195 	355 	275
196 	356 	276
197 	357 	277
198 	358 	278
199 	359 	279
200 	360 	280
201 	361 	281
202 	362 	282
203 	363 	283
204 	364 	284
205 	365 	285
206 	366 	286
207 	367 	287
208 	368 	288
209 	369 	289
210 	370 	290
211 	371 	291
212 	372 	292
213 	373 	293
214 	374 	294
215 	375 	295
216 	376 	296
217 	377 	297
218 	378 	298
219 	379 	299
220 	380 	300
221 	381 	301
222 	382 	302
223 	383 	303
224 	384 	304
225 	385 	305
226 	386 	306
227 	387 	307
228 	388 	308
229 	389 	309
230 	390 	310
231 	391 	311
232 	392 	312
233 	393 	313
234 	394 	314
235 	395 	315
236 	396 	316
237 	397 	317
238 	398 	318
239 	399 	319
240 	400 	320
241 	401 	321
242 	402 	322
243 	423 	403
244 	424 	404
245 	425 	405
246 	426 	406
247 	427 	407
248 	428 	408
249 	429 	409
250 	430 	410
251 	431 	411
252 	432 	412
253 	433 	413
254 	434 	414
255 	435 	415
256 	436 	416
257 	437 	417
258 	438 	418
259 	439 	419
260 	440 	420
261 	441 	421
262 	442 	422
263 	583 	423
264 	584 	424
265 	585 	425
266 	586 	426
267 	587 	427
268 	590 	428
269 	594 	429
270 	597 	430
271 	600 	431
272 	602 	432
273 	603 	433
274 	606 	434
275 	608 	435
276 	610 	436
277 	514 	437
278 	605 	438
279 	607 	439
280 	609 	440
281 	611 	441
282 	612 	442
283 	588 	523
284 	592 	524
285 	595 	525
286 	598 	526
287 	499 	527
288 	503 	528
289 	506 	529
290 	509 	530
291 	511 	531
292 	501 	532
293 	504 	533
294 	507 	534
295 	510 	535
296 	512 	536
297 	500 	537
298 	517 	538
299 	519 	539
300 	521 	540
301 	522 	541
302 	515 	542
303 	494 	563
304 	495 	564
305 	496 	565
306 	497 	566
307 	493 	567
308 	498 	568
309 	502 	569
310 	505 	570
311 	508 	571
312 	589 	572
313 	593 	573
314 	596 	574
315 	599 	575
316 	601 	576
317 	591 	577
318 	513 	578
319 	516 	579
320 	518 	580
321 	520 	581
322 	604 	582
163 	523 	443
164 	524 	444
165 	525 	445
166 	526 	446
167 	527 	447
168 	528 	448
169 	529 	449
170 	530 	450
171 	531 	451
172 	532 	452
173 	533 	453
174 	534 	454
175 	535 	455
176 	536 	456
177 	537 	457
178 	538 	458
179 	539 	459
180 	540 	460
181 	541 	461
182 	542 	462
183 	543 	584
184 	544 	585
185 	545 	586
186 	546 	587
187 	547 	583
188 	548 	588
189 	549 	592
190 	550 	595
191 	551 	598
192 	552 	499
193 	553 	503
194 	554 	506
195 	555 	509
196 	556 	511
197 	557 	501
198 	558 	603
199 	559 	606
200 	560 	608
201 	561 	610
202 	562 	514
203 	403 	493
204 	404 	494
205 	405 	495
206 	406 	496
207 	407 	497
208 	408 	500
209 	409 	504
210 	410 	507
211 	411 	510
212 	412 	512
213 	413 	513
214 	414 	516
215 	415 	518
216 	416 	520
217 	417 	604
218 	418 	515
219 	419 	517
220 	420 	519
221 	421 	521
222 	422 	522
223 	443 	498
224 	444 	502
225 	445 	505
226 	446 	508
227 	447 	589
228 	448 	593
229 	449 	596
230 	450 	599
231 	451 	601
232 	452 	591
233 	453 	594
234 	454 	597
235 	455 	600
236 	456 	602
237 	457 	590
238 	458 	607
239 	459 	609
240 	460 	611
241 	461 	612
242 	462 	605
323 	563 	543
324 	564 	544
325 	565 	545
326 	566 	546
327 	567 	547
328 	568 	548
329 	569 	549
330 	570 	550
331 	571 	551
332 	572 	552
333 	573 	553
334 	574 	554
335 	575 	555
336 	576 	556
337 	577 	557
338 	578 	558
339 	579 	559
340 	580 	560
341 	581 	561
342 	582 	562
343 	464 	463
344 	465 	464
345 	466 	465
346 	467 	466
347 	463 	467
348 	468 	470
349 	472 	474
350 	475 	477
351 	478 	480
352 	619 	482
353 	623 	483
354 	626 	486
355 	629 	488
356 	631 	490
357 	621 	634
358 	483 	485
359 	486 	487
360 	488 	489
361 	490 	491
362 	634 	492
363 	613 	468
364 	614 	472
365 	615 	475
366 	616 	478
367 	617 	619
368 	620 	623
369 	624 	626
370 	627 	629
371 	630 	631
372 	632 	621
373 	633 	624
374 	636 	627
375 	638 	630
376 	640 	632
377 	484 	620
378 	635 	637
379 	637 	639
380 	639 	641
381 	641 	642
382 	642 	635
383 	618 	614
384 	622 	615
385 	625 	616
386 	628 	617
387 	469 	613
388 	473 	618
389 	476 	622
390 	479 	625
391 	481 	628
392 	471 	469
393 	474 	473
394 	477 	476
395 	480 	479
396 	482 	481
397 	470 	471
398 	487 	633
399 	489 	636
400 	491 	638
401 	492 	640
402 	485 	484
163 	243 	43
164 	244 	44
165 	245 	45
166 	246 	46
167 	247 	47
168 	248 	48
169 	249 	49
170 	250 	50
171 	251 	51
172 	252 	52
173 	253 	53
174 	254 	54
175 	255 	55
176 	256 	56
177 	257 	57
178 	258 	58
179 	259 	59
180 	260 	60
181 	261 	61
182 	262 	62
183 	263 	63
184 	264 	64
185 	265 	65
186 	266 	66
187 	267 	67
188 	268 	68
189 	269 	69
190 	270 	70
191 	271 	71
192 	272 	72
193 	273 	73
194 	274 	74
195 	275 	75
196 	276 	76
197 	277 	77
198 	278 	78
199 	279 	79
200 	280 	80
201 	281 	81
202 	282 	82
203 	283 	43
204 	284 	44
205 	285 	45
206 	286 	46
207 	287 	47
208 	288 	48
209 	289 	49
210 	290 	50
211 	291 	51
212 	292 	52
213 	293 	53
214 	294 	54
215 	295 	55
216 	296 	56
217 	297 	57
218 	298 	58
219 	299 	59
220 	300 	60
221 	301 	61
222 	302 	62
223 	303 	83
224 	304 	84
225 	305 	85
226 	306 	86
227 	307 	87
228 	308 	88
229 	309 	89
230 	310 	90
231 	311 	91
232 	312 	92
233 	313 	93
234 	314 	94
235 	315 	95
236 	316 	96
237 	317 	97
238 	318 	98
239 	319 	99
240 	320 	100
241 	321 	101
242 	322 	102
243 	403 	43
244 	404 	44
245 	405 	45
246 	406 	46
247 	407 	47
248 	408 	48
249 	409 	49
250 	410 	50
251 	411 	51
252 	412 	52
253 	413 	53
254 	414 	54
255 	415 	55
256 	416 	56
257 	417 	57
258 	418 	58
259 	419 	59
260 	420 	60
261 	421 	61
262 	422 	62
263 	423 	63
264 	424 	64
265 	425 	65
266 	426 	66
267 	427 	67
268 	428 	68
269 	429 	69
270 	430 	70
271 	431 	71
272 	432 	72
273 	433 	73
274 	434 	74
275 	435 	75
276 	436 	76
277 	437 	77
278 	438 	78
279 	439 	79
280 	440 	80
281 	441 	81
282 	442 	82
283 	523 	43
284 	524 	44
285 	525 	45
286 	526 	46
287 	527 	47
288 	528 	48
289 	529 	49
290 	530 	50
291 	531 	51
292 	532 	52
293 	533 	53
294 	534 	54
295 	535 	55
296 	536 	56
297 	537 	57
298 	538 	58
299 	539 	59
300 	540 	60
301 	541 	61
302 	542 	62
303 	563 	83
304 	564 	84
305 	565 	85
306 	566 	86
307 	567 	87
308 	568 	88
309 	569 	89
310 	570 	90
311 	571 	91
312 	572 	92
313 	573 	93
314 	574 	94
315 	575 	95
316 	576 	96
317 	577 	97
318 	578 	98
319 	579 	99
320 	580 	100
321 	581 	101
322 	582 	102
163 	443 	83
164 	444 	84
165 	445 	85
166 	446 	86
167 	447 	87
168 	448 	88
169 	449 	89
170 	450 	90
171 	451 	91
172 	452 	92
173 	453 	93
174 	454 	94
175 	455 	95
176 	456 	96
177 	457 	97
178 	458 	98
179 	459 	99
180 	460 	100
181 	461 	101
182 	462 	102
183 	584 	104
184 	585 	105
185 	586 	106
186 	587 	107
187 	583 	103
188 	588 	108
189 	592 	112
190 	595 	115
191 	598 	118
192 	499 	139
193 	503 	143
194 	506 	146
195 	509 	149
196 	511 	151
197 	501 	141
198 	603 	123
199 	606 	126
200 	608 	128
201 	610 	130
202 	514 	154
203 	493 	133
204 	494 	134
205 	495 	135
206 	496 	136
207 	497 	137
208 	500 	140
209 	504 	144
210 	507 	147
211 	510 	150
212 	512 	152
213 	513 	153
214 	516 	156
215 	518 	158
216 	520 	160
217 	604 	124
218 	515 	155
219 	517 	157
220 	519 	159
221 	521 	161
222 	522 	162
223 	498 	138
224 	502 	142
225 	505 	145
226 	508 	148
227 	589 	109
228 	593 	113
229 	596 	116
230 	599 	119
231 	601 	121
232 	591 	111
233 	594 	114
234 	597 	117
235 	600 	120
236 	602 	122
237 	590 	110
238 	607 	127
239 	609 	129
240 	611 	131
241 	612 	132
242 	605 	125
323 	543 	63
324 	544 	64
325 	545 	65
326 	546 	66
327 	547 	67
328 	548 	68
329 	549 	69
330 	550 	70
331 	551 	71
332 	552 	72
333 	553 	73
334 	554 	74
335 	555 	75
336 	556 	76
337 	557 	77
338 	558 	78
339 	559 	79
340 	560 	80
341 	561 	81
342 	562 	82
343 	463 	103
344 	464 	104
345 	465 	105
346 	466 	106
347 	467 	107
348 	470 	110
349 	474 	114
350 	477 	117
351 	480 	120
352 	482 	122
353 	483 	123
354 	486 	126
355 	488 	128
356 	490 	130
357 	634 	154
358 	485 	125
359 	487 	127
360 	489 	129
361 	491 	131
362 	492 	132
363 	468 	108
364 	472 	112
365 	475 	115
366 	478 	118
367 	619 	139
368 	623 	143
369 	626 	146
370 	629 	149
371 	631 	151
372 	621 	141
373 	624 	144
374 	627 	147
375 	630 	150
376 	632 	152
377 	620 	140
378 	637 	157
379 	639 	159
380 	641 	161
381 	642 	162
382 	635 	155
383 	614 	134
384 	615 	135
385 	616 	136
386 	617 	137
387 	613 	133
388 	618 	138
389 	622 	142
390 	625 	145
391 	628 	148
392 	469 	109
393 	473 	113
394 	476 	116
395 	479 	119
396 	481 	121
397 	471 	111
398 	633 	153
399 	636 	156
400 	638 	158
401 	640 	160
402 	484 	124
323 	163 	83
324 	164 	84
325 	165 	85
326 	166 	86
327 	167 	87
328 	168 	88
329 	169 	89
330 	170 	90
331 	171 	91
332 	172 	92
333 	173 	93
334 	174 	94
335 	175 	95
336 	176 	96
337 	177 	97
338 	178 	98
339 	179 	99
340 	180 	100
341 	181 	101
342 	182 	102
343 	183 	104
344 	184 	105
345 	185 	106
346 	186 	107
347 	187 	103
348 	188 	108
349 	189 	112
350 	190 	115
351 	191 	118
352 	192 	139
353 	193 	143
354 	194 	146
355 	195 	149
356 	196 	151
357 	197 	141
358 	198 	123
359 	199 	126
360 	200 	128
361 	201 	130
362 	202 	154
363 	203 	133
364 	204 	134
365 	205 	135
366 	206 	136
367 	207 	137
368 	208 	140
369 	209 	144
370 	210 	147
371 	211 	150
372 	212 	152
373 	213 	153
374 	214 	156
375 	215 	158
376 	216 	160
377 	217 	124
378 	218 	155
379 	219 	157
380 	220 	159
381 	221 	161
382 	222 	162
383 	223 	138
384 	224 	142
385 	225 	145
386 	226 	148
387 	227 	109
388 	228 	113
389 	229 	116
390 	230 	119
391 	231 	121
392 	232 	111
393 	233 	114
394 	234 	117
395 	235 	120
396 	236 	122
397 	237 	110
398 	238 	127
399 	239 	129
400 	240 	131
401 	241 	132
402 	242 	125
423 	243 	63
424 	244 	64
425 	245 	65
426 	246 	66
427 	247 	67
428 	248 	68
429 	249 	69
430 	250 	70
431 	251 	71
432 	252 	72
433 	253 	73
434 	254 	74
435 	255 	75
436 	256 	76
437 	257 	77
438 	258 	78
439 	259 	79
440 	260 	80
441 	261 	81
442 	262 	82
583 	263 	103
584 	264 	104
585 	265 	105
586 	266 	106
587 	267 	107
590 	268 	110
594 	269 	114
597 	270 	117
600 	271 	120
602 	272 	122
603 	273 	123
606 	274 	126
608 	275 	128
610 	276 	130
514 	277 	154
605 	278 	125
607 	279 	127
609 	280 	129
611 	281 	131
612 	282 	132
588 	283 	108
592 	284 	112
595 	285 	115
598 	286 	118
499 	287 	139
503 	288 	143
506 	289 	146
509 	290 	149
511 	291 	151
501 	292 	141
504 	293 	144
507 	294 	147
510 	295 	150
512 	296 	152
500 	297 	140
517 	298 	157
519 	299 	159
521 	300 	161
522 	301 	162
515 	302 	155
494 	303 	134
495 	304 	135
496 	305 	136
497 	306 	137
493 	307 	133
498 	308 	138
502 	309 	142
505 	310 	145
508 	311 	148
589 	312 	109
593 	313 	113
596 	314 	116
599 	315 	119
601 	316 	121
591 	317 	111
513 	318 	153
516 	319 	156
518 	320 	158
520 	321 	160
604 	322 	124
523 	163 	43
524 	164 	44
525 	165 	45
526 	166 	46
527 	167 	47
528 	168 	48
529 	169 	49
530 	170 	50
531 	171 	51
532 	172 	52
533 	173 	53
534 	174 	54
535 	175 	55
536 	176 	56
537 	177 	57
538 	178 	58
539 	179 	59
540 	180 	60
541 	181 	61
542 	182 	62
543 	183 	63
544 	184 	64
545 	185 	65
546 	186 	66
547 	187 	67
548 	188 	68
549 	189 	69
550 	190 	70
551 	191 	71
552 	192 	72
553 	193 	73
554 	194 	74
555 	195 	75
556 	196 	76
557 	197 	77
558 	198 	78
559 	199 	79
560 	200 	80
561 	201 	81
562 	202 	82
403 	203 	43
404 	204 	44
405 	205 	45
406 	206 	46
407 	207 	47
408 	208 	48
409 	209 	49
410 	210 	50
411 	211 	51
412 	212 	52
413 	213 	53
414 	214 	54
415 	215 	55
416 	216 	56
417 	217 	57
418 	218 	58
419 	219 	59
420 	220 	60
421 	221 	61
422 	222 	62
443 	223 	83
444 	224 	84
445 	225 	85
446 	226 	86
447 	227 	87
448 	228 	88
449 	229 	89
450 	230 	90
451 	231 	91
452 	232 	92
453 	233 	93
454 	234 	94
455 	235 	95
456 	236 	96
457 	237 	97
458 	238 	98
459 	239 	99
460 	240 	100
461 	241 	101
462 	242 	102
563 	323 	83
564 	324 	84
565 	325 	85
566 	326 	86
567 	327 	87
568 	328 	88
569 	329 	89
570 	330 	90
571 	331 	91
572 	332 	92
573 	333 	93
574 	334 	94
575 	335 	95
576 	336 	96
577 	337 	97
578 	338 	98
579 	339 	99
580 	340 	100
581 	341 	101
582 	342 	102
464 	343 	104
465 	344 	105
466 	345 	106
467 	346 	107
463 	347 	103
468 	348 	108
472 	349 	112
475 	350 	115
478 	351 	118
619 	352 	139
623 	353 	143
626 	354 	146
629 	355 	149
631 	356 	151
621 	357 	141
483 	358 	123
486 	359 	126
488 	360 	128
490 	361 	130
634 	362 	154
613 	363 	133
614 	364 	134
615 	365 	135
616 	366 	136
617 	367 	137
620 	368 	140
624 	369 	144
627 	370 	147
630 	371 	150
632 	372 	152
633 	373 	153
636 	374 	156
638 	375 	158
640 	376 	160
484 	377 	124
635 	378 	155
637 	379 	157
639 	380 	159
641 	381 	161
642 	382 	162
618 	383 	138
622 	384 	142
625 	385 	145
628 	386 	148
469 	387 	109
473 	388 	113
476 	389 	116
479 	390 	119
481 	391 	121
471 	392 	111
474 	393 	114
477 	394 	117
480 	395 	120
482 	396 	122
470 	397 	110
487 	398 	127
489 	399 	129
491 	400 	131
492 	401 	132
485 	402 	125
243 	323 	63
244 	324 	64
245 	325 	65
246 	326 	66
247 	327 	67
248 	328 	68
249 	329 	69
250 	330 	70
251 	331 	71
252 	332 	72
253 	333 	73
254 	334 	74
255 	335 	75
256 	336 	76
257 	337 	77
258 	338 	78
259 	339 	79
260 	340 	80
261 	341 	81
262 	342 	82
263 	343 	103
264 	344 	104
265 	345 	105
266 	346 	106
267 	347 	107
268 	348 	110
269 	349 	114
270 	350 	117
271 	351 	120
272 	352 	122
273 	353 	123
274 	354 	126
275 	355 	128
276 	356 	130
277 	357 	154
278 	358 	125
279 	359 	127
280 	360 	129
281 	361 	131
282 	362 	132
283 	363 	108
284 	364 	112
285 	365 	115
286 	366 	118
287 	367 	139
288 	368 	143
289 	369 	146
290 	370 	149
291 	371 	151
292 	372 	141
293 	373 	144
294 	374 	147
295 	375 	150
296 	376 	152
297 	377 	140
298 	378 	157
299 	379 	159
300 	380 	161
301 	381 	162
302 	382 	155
303 	383 	134
304 	384 	135
305 	385 	136
306 	386 	137
307 	387 	133
308 	388 	138
309 	389 	142
310 	390 	145
311 	391 	148
312 	392 	109
313 	393 	113
314 	394 	116
315 	395 	119
316 	396 	121
317 	397 	111
318 	398 	153
319 	399 	156
320 	400 	158
321 	401 	160
322 	402 	124
403 	423 	13
404 	424 	14
405 	425 	15
406 	426 	16
407 	427 	17
408 	428 	20
409 	429 	24
410 	430 	27
411 	431 	30
412 	432 	32
413 	433 	33
414 	434 	36
415 	435 	38
416 	436 	40
417 	437 	34
418 	438 	35
419 	439 	37
420 	440 	39
421 	441 	41
422 	442 	42
423 	583 	13
424 	584 	14
425 	585 	15
426 	586 	16
427 	587 	17
428 	590 	20
429 	594 	24
430 	597 	27
431 	600 	30
432 	602 	32
433 	603 	33
434 	606 	36
435 	608 	38
436 	610 	40
437 	514 	34
438 	605 	35
439 	607 	37
440 	609 	39
441 	611 	41
442 	612 	42
523 	588 	18
524 	592 	22
525 	595 	25
526 	598 	28
527 	499 	19
528 	503 	23
529 	506 	26
530 	509 	29
531 	511 	31
532 	501 	21
533 	504 	24
534 	507 	27
535 	510 	30
536 	512 	32
537 	500 	20
538 	517 	37
539 	519 	39
540 	521 	41
541 	522 	42
542 	515 	35
563 	494 	14
564 	495 	15
565 	496 	16
566 	497 	17
567 	493 	13
568 	498 	18
569 	502 	22
570 	505 	25
571 	508 	28
572 	589 	19
573 	593 	23
574 	596 	26
575 	599 	29
576 	601 	31
577 	591 	21
578 	513 	33
579 	516 	36
580 	518 	38
581 	520 	40
582 	604 	34
443 	523 	18
444 	524 	22
445 	525 	25
446 	526 	28
447 	527 	19
448 	528 	23
449 	529 	26
450 	530 	29
451 	531 	31
452 	532 	21
453 	533 	24
454 	534 	27
455 	535 	30
456 	536 	32
457 	537 	20
458 	538 	37
459 	539 	39
460 	540 	41
461 	541 	42
462 	542 	35
584 	543 	14
585 	544 	15
586 	545 	16
587 	546 	17
583 	547 	13
588 	548 	18
592 	549 	22
595 	550 	25
598 	551 	28
499 	552 	19
503 	553 	23
506 	554 	26
509 	555 	29
511 	556 	31
501 	557 	21
603 	558 	33
606 	559 	36
608 	560 	38
610 	561 	40
514 	562 	34
493 	403 	13
494 	404 	14
495 	405 	15
496 	406 	16
497 	407 	17
500 	408 	20
504 	409 	24
507 	410 	27
510 	411 	30
512 	412 	32
513 	413 	33
516 	414 	36
518 	415 	38
520 	416 	40
604 	417 	34
515 	418 	35
517 	419 	37
519 	420 	39
521 	421 	41
522 	422 	42
498 	443 	18
502 	444 	22
505 	445 	25
508 	446 	28
589 	447 	19
593 	448 	23
596 	449 	26
599 	450 	29
601 	451 	31
591 	452 	21
594 	453 	24
597 	454 	27
600 	455 	30
602 	456 	32
590 	457 	20
607 	458 	37
609 	459 	39
611 	460 	41
612 	461 	42
605 	462 	35
543 	563 	14
544 	564 	15
545 	565 	16
546 	566 	17
547 	567 	13
548 	568 	18
549 	569 	22
550 	570 	25
551 	571 	28
552 	572 	19
553 	573 	23
554 	574 	26
555 	575 	29
556 	576 	31
557 	577 	21
558 	578 	33
559 	579 	36
560 	580 	38
561 	581 	40
562 	582 	34
463 	464 	1
464 	465 	1
465 	466 	1
466 	467 	1
467 	463 	1
470 	468 	2
474 	472 	3
477 	475 	4
480 	478 	5
482 	619 	6
483 	623 	7
486 	626 	8
488 	629 	9
490 	631 	10
634 	621 	11
485 	483 	7
487 	486 	8
489 	488 	9
491 	490 	10
492 	634 	11
468 	613 	2
472 	614 	3
475 	615 	4
478 	616 	5
619 	617 	6
623 	620 	7
626 	624 	8
629 	627 	9
631 	630 	10
621 	632 	11
624 	633 	8
627 	636 	9
630 	638 	10
632 	640 	11
620 	484 	7
637 	635 	12
639 	637 	12
641 	639 	12
642 	641 	12
635 	642 	12
614 	618 	3
615 	622 	4
616 	625 	5
617 	628 	6
613 	469 	2
618 	473 	3
622 	476 	4
625 	479 	5
628 	481 	6
469 	471 	2
473 	474 	3
476 	477 	4
479 	480 	5
481 	482 	6
471 	470 	2
633 	487 	8
636 	489 	9
638 	491 	10
640 	492 	11
484 	485 	7
