          40
   1.1115185958380039E-003  0.60706180765010387        0.0000000000000000       0.79465461786400537     
   1.1820342575846780E-003  0.18759241532168749       0.57735022025815474       0.79465452171471074     
   1.4628062337476075E-003 -0.49112345225561271       0.35682204795937500       0.79465450400448034     
   1.4628062337476071E-003 -0.49112345225561271      -0.35682204795937500       0.79465450400448034     
   1.1820342575846539E-003  0.18759241532168749      -0.57735022025815474       0.79465452171471074     
  0.12116329416979581       0.98224696726595540        0.0000000000000000       0.18759236470825005     
   1.5022028467518839E-002  0.30353105994767221       0.93417234604054966       0.18759243998663166     
  0.10550750035109135      -0.79465451229160367       0.57735022886415510       0.18759242875207197     
  0.10550750035109137      -0.79465451229160367      -0.57735022886415510       0.18759242875207197     
   1.5022028467518838E-002  0.30353105994767221      -0.93417234604054966       0.18759243998663166     
   2.8586967468578278E-004  0.30036301085684325        0.0000000000000000       0.95382496387388183     
   2.8559314435073579E-004   9.2817161535506010E-002  0.28566244968269383       0.95382489974091900     
   2.8560254103430734E-004 -0.24299900910038510       0.17654909738809363       0.95382487794546456     
   2.8560254103430745E-004 -0.24299900910038510      -0.17654909738809363       0.95382487794546456     
   2.8559314435073579E-004   9.2817161535506010E-002 -0.28566244968269383       0.95382489974091900     
   4.6502790195483430E-002  0.89168403212848169      -0.29474797215088022       0.34354507675127127     
   1.8205333702746428E-002  0.55586768756579963       0.75695960347203994       0.34354515370137678     
   1.7080166782797671E-002 -0.54813876352016833       0.76257498300934001       0.34354518074757778     
   4.4509871640834975E-002 -0.89463607563358682      -0.28566244369706678       0.34354513595153008     
   6.0783290698073018E-003  -4.7763615528973007E-003 -0.93912401589858174       0.34354514860908225     
   3.2588418909946099E-003  0.70604918141588879      -0.29474803123439264       0.64390849622085511     
   3.5012514337959500E-003  0.49850332519441781       0.58041046540704733       0.64390847673880103     
   3.0382738634445144E-003 -0.39795719146133091       0.65346152380509503       0.64390846451225736     
   2.6685024727829678E-003 -0.74445430249498146      -0.17654911344835089       0.64390853545927773     
   2.1048832731120821E-003  -6.2140692507124395E-002 -0.76257486562255294       0.64390846294755311     
   3.2588418909946099E-003  0.70604918141588879       0.29474803123439264       0.64390849622085511     
   2.1048832731120830E-003  -6.2140692507124395E-002  0.76257486562255294       0.64390846294755311     
   2.6685024727829678E-003 -0.74445430249498146       0.17654911344835089       0.64390853545927773     
   3.0382738634445131E-003 -0.39795719146133091      -0.65346152380509503       0.64390846451225736     
   3.5012514337959505E-003  0.49850332519441781      -0.58041046540704733       0.64390847673880103     
   4.6502790195483430E-002  0.89168403212848169       0.29474797215088022       0.34354507675127127     
   6.0783290698073044E-003  -4.7763615528973007E-003  0.93912401589858174       0.34354514860908225     
   4.4509871640834961E-002 -0.89463607563358682       0.28566244369706678       0.34354513595153008     
   1.7080166782797671E-002 -0.54813876352016833      -0.76257498300934001       0.34354518074757778     
   1.8205333702746428E-002  0.55586768756579963      -0.75695960347203994       0.34354515370137678     
   9.7092830805902267E-002  0.79886667770090369       0.58041047339158836       0.15791046082027815     
   1.3146137844164860E-002 -0.30513972389543981       0.93912407635869610       0.15791047496743477     
  0.11479543605182058      -0.98745343926124396        0.0000000000000000       0.15791043439602281     
   1.3146137844164862E-002 -0.30513972389543981      -0.93912407635869610       0.15791047496743477     
   9.7092830805902294E-002  0.79886667770090369      -0.58041047339158836       0.15791046082027815     
