         640
   3.2392753554693460E-003  0.60706194014711301        0.0000000000000000       0.79465451664532993     
   2.1670224871825651E-004  0.18759255138358263       0.57735031490990962       0.79465442082632765     
   1.0025595899304006E-003 -0.49112372125323756       0.35682220677957410       0.79465426644002046     
   1.0025595899298802E-003 -0.49112372125323756      -0.35682220677957410       0.79465426644002046     
   2.1670224871828396E-004  0.18759255138358263      -0.57735031490990962       0.79465442082632765     
   3.0406502362026855E-002  0.98224700783273022        0.0000000000000000       0.18759215229760648     
   2.3170940064548727E-005  0.30353098923606553       0.93417240797862966       0.18759224596124496     
   2.5368002072928753E-004 -0.79465459607254652       0.57735019572063440       0.18759217585529261     
   2.5368002072932114E-004 -0.79465459607254652      -0.57735019572063440       0.18759217585529261     
   2.3170940064555100E-005  0.30353098923606553      -0.93417240797862966       0.18759224596124496     
   8.7626964962009941E-004  0.30086902862572285        0.0000000000000000       0.95366546944608099     
   4.5594684336429175E-004   9.2973404281006547E-002  0.28614390766305542       0.95366535545951192     
   6.7926567209210481E-004 -0.24340841919387179       0.17684635459010173       0.95366540690838342     
   6.7926567209148736E-004 -0.24340841919387179      -0.17684635459010173       0.95366540690838342     
   4.5594684336427803E-004   9.2973404281006547E-002 -0.28614390766305542       0.95366535545951192     
   2.7893057755838751E-003  0.89190792678169228      -0.29431611811897290       0.34333405417954443     
   7.7128310251044810E-005  0.55552599598456076       0.75730610515035723       0.34333413883177710     
   7.4503455298149905E-005 -0.54857414936448101       0.76235696893561067       0.34333402768200039     
   2.9875625810975937E-003 -0.89456327417692305      -0.28614382141468203       0.34333403845244603     
   1.8102763239528101E-005  -4.2962668354770217E-003 -0.93920354602473033       0.34333400825704780     
   2.2752406077660267E-003  0.70596061315220016      -0.29431616575890873       0.64420307919998665     
   2.7896730916598982E-004  0.49806496949648171       0.58045996349506590       0.64420300910487494     
   1.5362347458770957E-004 -0.39813926059218424       0.65306019553268202       0.64420300386285378     
   4.2272631096035383E-003 -0.74412868320436409      -0.17684638230296623       0.64420327529351495     
   6.0840342228501702E-005  -6.1757524451266539E-002 -0.76235714159843737       0.64420307110996566     
   2.2752406077660623E-003  0.70596061315220016       0.29431616575890873       0.64420307919998665     
   6.0840342228507991E-005  -6.1757524451266539E-002  0.76235714159843737       0.64420307110996566     
   4.2272631096005519E-003 -0.74412868320436409       0.17684638230296623       0.64420327529351495     
   1.5362347458772497E-004 -0.39813926059218424      -0.65306019553268202       0.64420300386285378     
   2.7896730916625919E-004  0.49806496949648171      -0.58045996349506590       0.64420300910487494     
   2.7893057755857000E-003  0.89190792678169228       0.29431611811897290       0.34333405417954443     
   1.8102763239535697E-005  -4.2962668354770217E-003  0.93920354602473033       0.34333400825704780     
   2.9875625810988956E-003 -0.89456327417692305       0.28614382141468203       0.34333403845244603     
   7.4503455298147872E-005 -0.54857414936448101      -0.76235696893561067       0.34333402768200039     
   7.7128310251002471E-005  0.55552599598456076      -0.75730610515035723       0.34333413883177710     
   1.9218267188084902E-004  0.79893402689773141       0.58046004393828765       0.15738665145474184     
   1.8290895994668477E-005 -0.30516551121422231       0.93920363300082943       0.15738661481652658     
   2.5190637007207847E-002 -0.98753706247610540        0.0000000000000000       0.15738662661123631     
   1.8290895994697876E-005 -0.30516551121422231      -0.93920363300082943       0.15738661481652658     
   1.9218267188084572E-004  0.79893402689773141      -0.58046004393828765       0.15738665145474184     
   1.8300992166736811E-003  0.52330352983362771      -0.15983268487777064       0.83702265710578516     
   4.3077057615481122E-004  0.31371952511302037       0.44829992712604710       0.83702284013140393     
   4.6495858403219431E-004 -0.32941435117895007       0.43689714960076492       0.83702273918220294     
   1.7316228684153836E-003 -0.51730874803675986      -0.17828273477891576       0.83702265541883092     
   2.1423126073276741E-004   9.6997331182685272E-003 -0.54708219654173340       0.83702269109296346     
   2.2519122387271609E-003  0.98268431671195910      -0.15983267429359188        9.3728597111599893E-002
   3.1268999973980464E-005  0.45567581465322032       0.88519743795509842        9.3728585702835654E-002
   1.0001870393644490E-004 -0.70106111142162131       0.70691461527058130        9.3728569652626020E-002
   3.6929304523322795E-004 -0.88895577571542350      -0.44829965915958220        9.3728567788012113E-002
   1.4757440194116448E-005  0.15165618098890490      -0.98397934457699332        9.3728609366036969E-002
   9.0326203862720847E-004  0.36988694981369902      -0.15879735624012686       0.91540539872160709     
   5.2684120561100121E-004  0.26532656041904634       0.30271233845934725       0.91540540553389338     
   4.2364564949176907E-004 -0.20590608444218417       0.34588408022407724       0.91540531320133389     
   1.0472737684894149E-003 -0.39258370485764804       -8.8944007984250853E-002  0.91540537365909136     
   3.1146576663969376E-004  -3.6724362598650334E-002 -0.40085469962002451       0.91540528236637508     
   9.8971541388803664E-004  0.93631941636473781      -0.30610323044408105       0.17206615835223016     
   5.0003588522882082E-005  0.58045995290658281       0.79590166949640706       0.17206619529855266     
   4.9377698045655016E-005 -0.57757574874615558       0.79799717179699903       0.17206617408517177     
   9.9822405276377276E-004 -0.93742123839836078      -0.30271219022578999       0.17206612591788312     
   1.2185657918144331E-005  -1.7824734620751905E-003 -0.98508378422633514       0.17206615251896654     
   5.6982017858621071E-003  0.79120148760884490      -0.14730519235775907       0.59354981788388628     
   1.0310298247931910E-004  0.38459076780267448       0.70695725480389815       0.59354981358019598     
   2.8297105673907310E-004 -0.55351149586823312       0.58422903475919086       0.59354987902117806     
   1.7764704864633980E-003 -0.72667930086991905      -0.34588393941486423       0.59354990872045466     
   4.7159704163895860E-005  0.10439876712222373      -0.79799705358697770       0.59354999780124829     
   1.2580877683279967E-003  0.57263550703834865       0.30610327383447056       0.76051913968469764     
   1.1923393949324241E-004 -0.11416693142531931       0.63919991064798720       0.76051915557501348     
   2.9015570222185581E-003 -0.64319478356469073        8.8944002512380757E-002  0.76051918766869275     
   1.8510053776514527E-004 -0.28334899556771048      -0.58422931454045779       0.76051920077165469     
   5.0549477507108424E-004  0.46807518405653420      -0.45001793612062835       0.76051921687763535     
   8.9755505483079430E-003  0.88472308212134543       0.14730519801224820       0.44222872656610568     
   2.5864722226217130E-005  0.13329871762721895       0.88694141908663238       0.44222886720286553     
   1.2888223418223111E-003 -0.80233984591166518       0.40085461182898030       0.44222884555157949     
   1.9446051972730140E-004 -0.62917198545548914      -0.63919972602574393       0.44222881290867022     
   5.5368485251912846E-005  0.41349052353871502      -0.79590150779073410       0.44222887382001097     
   2.9243847217105064E-004  0.88955874091102338       0.45001772174562449        7.8544869874947826E-002
   1.2193353235723342E-005 -0.15310329520925500       0.98508379431798976        7.8544886327119603E-002
   1.4641385988725939E-003 -0.98418195001873021       0.15879732037844982        7.8544893519270090E-002
   2.5669424422667754E-005 -0.45515422380392340      -0.88694156017899717        7.8544900411767121E-002
   8.2476706540324200E-005  0.70288105218792551      -0.70695751429304210        7.8544888183750189E-002
   6.3614538702094570E-003  0.74329384660542797        0.0000000000000000       0.66896506455756455     
   1.0663195218720657E-004  0.22969048439112008       0.70691454231402850       0.66896495516964138     
   9.1822592890525431E-004 -0.60133765819601559       0.43689690618649185       0.66896495737819017     
   9.1822592890495008E-004 -0.60133765819601559      -0.43689690618649185       0.66896495737819017     
   1.0663195218725954E-004  0.22969048439112008      -0.70691454231402850       0.66896495516964138     
   2.2519122387270009E-003  0.98268431671195910       0.15983267429359188        9.3728597111599893E-002
   1.4757440194127935E-005  0.15165618098890490       0.98397934457699332        9.3728609366036969E-002
   3.6929304523332786E-004 -0.88895577571542350       0.44829965915958220        9.3728567788012113E-002
   1.0001870393637875E-004 -0.70106111142162131      -0.70691461527058130        9.3728569652626020E-002
   3.1268999973995968E-005  0.45567581465322032      -0.88519743795509842        9.3728585702835654E-002
   9.0326203862720641E-004  0.36988694981369902       0.15879735624012686       0.91540539872160709     
   3.1146576663935440E-004  -3.6724362598650334E-002  0.40085469962002451       0.91540528236637508     
   1.0472737684889867E-003 -0.39258370485764804        8.8944007984250853E-002  0.91540537365909136     
   4.2364564949230759E-004 -0.20590608444218417      -0.34588408022407724       0.91540531320133389     
   5.2684120561062434E-004  0.26532656041904634      -0.30271233845934725       0.91540540553389338     
   8.9755505483003085E-003  0.88472308212134543      -0.14730519801224820       0.44222872656610568     
   5.5368485251942695E-005  0.41349052353871502       0.79590150779073410       0.44222887382001097     
   1.9446051972711628E-004 -0.62917198545548914       0.63919972602574393       0.44222881290867022     
   1.2888223418234600E-003 -0.80233984591166518      -0.40085461182898030       0.44222884555157949     
   2.5864722226249598E-005  0.13329871762721895      -0.88694141908663238       0.44222886720286553     
   1.2580877683282738E-003  0.57263550703834865      -0.30610327383447056       0.76051913968469764     
   5.0549477507125847E-004  0.46807518405653420       0.45001793612062835       0.76051921687763535     
   1.8510053776520628E-004 -0.28334899556771048       0.58422931454045779       0.76051920077165469     
   2.9015570222182098E-003 -0.64319478356469073       -8.8944002512380757E-002  0.76051918766869275     
   1.1923393949315802E-004 -0.11416693142531931      -0.63919991064798720       0.76051915557501348     
   5.6982017858593212E-003  0.79120148760884490       0.14730519235775907       0.59354981788388628     
   4.7159704163831953E-005  0.10439876712222373       0.79799705358697770       0.59354999780124829     
   1.7764704864643712E-003 -0.72667930086991905       0.34588393941486423       0.59354990872045466     
   2.8297105673921210E-004 -0.55351149586823312      -0.58422903475919086       0.59354987902117806     
   1.0310298247931083E-004  0.38459076780267448      -0.70695725480389815       0.59354981358019598     
   9.8971541388863707E-004  0.93631941636473781       0.30610323044408105       0.17206615835223016     
   1.2185657918165226E-005  -1.7824734620751905E-003  0.98508378422633514       0.17206615251896654     
   9.9822405276431140E-004 -0.93742123839836078       0.30271219022578999       0.17206612591788312     
   4.9377698045684147E-005 -0.57757574874615558      -0.79799717179699903       0.17206617408517177     
   5.0003588522867696E-005  0.58045995290658281      -0.79590166949640706       0.17206619529855266     
   8.2476706540252778E-005  0.70288105218792551       0.70695751429304210        7.8544888183750189E-002
   2.5669424422649641E-005 -0.45515422380392340       0.88694156017899717        7.8544900411767121E-002
   1.4641385988722450E-003 -0.98418195001873021      -0.15879732037844982        7.8544893519270090E-002
   1.2193353235722292E-005 -0.15310329520925500      -0.98508379431798976        7.8544886327119603E-002
   2.9243847217083846E-004  0.88955874091102338      -0.45001772174562449        7.8544869874947826E-002
   1.8300992166748057E-003  0.52330352983362771       0.15983268487777064       0.83702265710578516     
   2.1423126073282780E-004   9.6997331182685272E-003  0.54708219654173340       0.83702269109296346     
   1.7316228684139344E-003 -0.51730874803675986       0.17828273477891576       0.83702265541883092     
   4.6495858403194180E-004 -0.32941435117895007      -0.43689714960076492       0.83702273918220294     
   4.3077057615489481E-004  0.31371952511302037      -0.44829992712604710       0.83702284013140393     
   2.1760803877020223E-002  0.93075176168435936        0.0000000000000000       0.36565168961931749     
   3.2541165916687831E-005  0.28761811365730960       0.88519746636355456       0.36565183746257129     
   4.4003181232796630E-004 -0.75299398534950956       0.54708207618531768       0.36565182885393149     
   4.4003181232837185E-004 -0.75299398534950956      -0.54708207618531768       0.36565182885393149     
   3.2541165916681645E-005  0.28761811365730960      -0.88519746636355456       0.36565183746257129     
   6.3324522762723059E-004  0.14960867037120451        0.0000000000000000       0.98874528861065125     
   5.4019306582308527E-004   4.6231465746486566E-002  0.14228609998880620       0.98874532480558752     
   5.9571039792585638E-004 -0.12103596653663255        8.7937500714349609E-002  0.98874531137834332     
   5.9571039792543344E-004 -0.12103596653663255       -8.7937500714349609E-002  0.98874531137834332     
   5.4019306582361209E-004   4.6231465746486566E-002 -0.14228609998880620       0.98874532480558752     
   1.0631582674361624E-003  0.81582321285258497      -0.41685489920705376       0.40082973739227840     
   1.7558531887521269E-004  0.64855558947844416       0.64707890910904031       0.40082980520729999     
   4.6631304483832056E-005 -0.41499386556817774       0.81677142816232462       0.40082979639549970     
   9.8380974708426328E-003 -0.90503601499947151      -0.14228607325347073       0.40082974554289802     
   2.2478037651735378E-005 -0.14434890385290236      -0.90470927457210237       0.40082979238036415     
   1.1113688549079528E-003  0.72336008118726225      -0.41685496092673158       0.55043812958000149     
   3.6186746569550715E-004  0.61998308398049229       0.55914126966576916       0.55043802206478210     
   6.7215570774537347E-005 -0.34018936353065099       0.76242315995173970       0.55043811832922174     
   8.1748362188295547E-003 -0.83023175417661488       -8.7937510279748388E-002  0.55043821510013280     
   4.2284770579181150E-005 -0.17292197004503973      -0.81677155127087631       0.55043821207317067     
   1.1113688549080447E-003  0.72336008118726225       0.41685496092673158       0.55043812958000149     
   4.2284770579191328E-005 -0.17292197004503973       0.81677155127087631       0.55043821207317067     
   8.1748362188268104E-003 -0.83023175417661488        8.7937510279748388E-002  0.55043821510013280     
   6.7215570774474653E-005 -0.34018936353065099      -0.76242315995173970       0.55043811832922174     
   3.6186746569498023E-004  0.61998308398049229      -0.55914126966576916       0.55043802206478210     
   1.0631582674368574E-003  0.81582321285258497       0.41685489920705376       0.40082973739227840     
   2.2478037651732108E-005 -0.14434890385290236       0.90470927457210237       0.40082979238036415     
   9.8380974708472471E-003 -0.90503601499947151       0.14228607325347073       0.40082974554289802     
   4.6631304483863112E-005 -0.41499386556817774      -0.81677142816232462       0.40082979639549970     
   1.7558531887520347E-004  0.64855558947844416      -0.64707890910904031       0.40082980520729999     
   2.9605108830415682E-004  0.76959148428988067       0.55914133991604598       0.30836651780857627     
   2.3012002292573042E-005 -0.29395789936152494       0.90470925546754233       0.30836652943262943     
   2.0717807422144099E-002 -0.95126761526079939        0.0000000000000000       0.30836654188811002     
   2.3012002292562207E-005 -0.29395789936152494      -0.90470925546754233       0.30836652943262943     
   2.9605108830427419E-004  0.76959148428988067      -0.55914133991604598       0.30836651780857627     
   3.6274501501420832E-003  0.64194017044193874       -8.1960907851663906E-002  0.76236161180709094     
   2.2796111385049543E-004  0.27631970906551928       0.58519422675375543       0.76236155159872854     
   6.5435173244810028E-004 -0.47116559735137620       0.44363057777967690       0.76236139089764432     
   1.5125931264494150E-003 -0.56751605865422139      -0.31101564880721305       0.76236132467918827     
   1.5185210973959459E-004  0.12042108032693785      -0.63584883920868951       0.76236147403305687     
   2.7426747349641810E-002  0.99559196347121193        0.0000000000000000        9.3790416736130311E-002
   2.0545267975438691E-005  0.30765471473896255       0.94686426343767949        9.3790421278018704E-002
   2.0198622782179049E-004 -0.80545093810712831       0.58519410944506334        9.3790407681949364E-002
   2.0198622782179038E-004 -0.80545093810712831      -0.58519410944506334        9.3790407681949364E-002
   2.0545267975438691E-005  0.30765471473896255      -0.94686426343767949        9.3790421278018704E-002
   1.0592730686479540E-003  0.37554596571315152        0.0000000000000000       0.92680376975742629     
   3.8124079074108543E-004  0.11605000826307095       0.35716546090103118       0.92680377055852292     
   7.0554890801274731E-004 -0.30382299209881514       0.22074046345848963       0.92680377495144806     
   7.0554890801274709E-004 -0.30382299209881514      -0.22074046345848963       0.92680377495144806     
   3.8124079074108538E-004  0.11605000826307095      -0.35716546090103118       0.92680377055852292     
   4.5932507249950624E-003  0.92256536660097310      -0.22880229135041646       0.31068095503460030     
   5.1481232594639652E-005  0.50269250162961632       0.80670786072191558       0.31068098791980936     
   9.3063168006869593E-005 -0.61188439928045202       0.72737529984608840       0.31068095385944267     
   1.4098328998859090E-003 -0.88085762482471708      -0.35716544948146312       0.31068100438369628     
   1.6729830402348140E-005   6.7484749383917866E-002 -0.94811559373162224       0.31068091271193837     
   2.7404586281390771E-003  0.69046513587565606      -0.22880231432271642       0.68622692828304299     
   2.3843985257667767E-004  0.43096918157818309       0.58596772697238741       0.68622692127068630     
   2.2813448143802094E-004 -0.42411143692674902       0.59095029189128145       0.68622681496829996     
   2.8307882827112345E-003 -0.69308459764708685      -0.22074044255412548       0.68622692859241863     
   7.3439905400795298E-005  -4.2385422482587040E-003 -0.72737526673374697       0.68622682554940984     
   2.7404586281390762E-003  0.69046513587565606       0.22880231432271642       0.68622692828304299     
   7.3439905400795298E-005  -4.2385422482587040E-003  0.72737526673374697       0.68622682554940984     
   2.8307882827112345E-003 -0.69308459764708685       0.22074044255412548       0.68622692859241863     
   2.2813448143802094E-004 -0.42411143692674902      -0.59095029189128145       0.68622681496829996     
   2.3843985257667762E-004  0.43096918157818309      -0.58596772697238741       0.68622692127068630     
   4.5932507249950624E-003  0.92256536660097310       0.22880229135041646       0.31068095503460030     
   1.6729830402348140E-005   6.7484749383917866E-002  0.94811559373162224       0.31068091271193837     
   1.4098328998859095E-003 -0.88085762482471708       0.35716544948146312       0.31068100438369628     
   9.3063168006869579E-005 -0.61188439928045202      -0.72737529984608840       0.31068095385944267     
   5.1481232594639631E-005  0.50269250162961632      -0.80670786072191558       0.31068098791980936     
   1.6226933526604950E-004  0.80651520541576571       0.58596778917887093        7.8580999471828783E-002
   1.6744987651015528E-005 -0.30806113046697309       0.94811569400495344        7.8580981648971163E-002
   2.0996742878884506E-002 -0.99690773385572240        0.0000000000000000        7.8580978478561034E-002
   1.6744987651015528E-005 -0.30806113046697309      -0.94811569400495344        7.8580981648971163E-002
   1.6226933526604950E-004  0.80651520541576571      -0.58596778917887093        7.8580999471828783E-002
   2.4938514241126934E-003  0.59997150716523295      -0.16184121119172551       0.78348044835201480     
   3.2693741829059700E-004  0.33932126575033184       0.52059506945797640       0.78348060107805939     
   4.2810156428756059E-004 -0.39025988140288864       0.48358636530285298       0.78348034580363202     
   1.9948271554417422E-003 -0.58051507482189024      -0.22172255443119657       0.78348028485791543     
   1.5070114295310421E-004   3.1481406561057294E-002 -0.62061852771080717       0.78348041717901773     
   3.4758415231995370E-003  0.99569760454015122       -7.9925539521675984E-002   4.6884842381879163E-002
   2.3399243910676816E-005  0.38370096207916976       0.92226643886732540        4.6884831646295616E-002
   1.3154626782589651E-004 -0.75855726885502273       0.64991744313698008        4.6884826687308152E-002
   2.4455909583104675E-004 -0.85251556740245715      -0.52059487068786958        4.6884837100568844E-002
   1.6049191393147514E-005  0.23167351568302522      -0.97166310722413685        4.6884839667024260E-002
   1.1045550283162954E-003  0.41031579404012808       -7.9477601426094599E-002  0.90847358796652644     
   3.9391409205552931E-004  0.20238226687665792       0.36567340583052937       0.90847365306989847     
   5.3870718283696955E-004 -0.28523634678491011       0.30547640660645176       0.90847366031140842     
   8.9342947554121703E-004 -0.37866810811272011      -0.17687862400456802       0.90847367395460832     
   2.9595103330622071E-004   5.1206683726032154E-002 -0.41479326304027275       0.90847367847295679     
   2.7821636454513784E-003  0.94553771638809292      -0.23497637038789337       0.22526547060506633     
   4.1111182779092514E-005  0.51566297807611594       0.82664814979264956       0.22526546447704859     
   7.2741383838335425E-005 -0.62684052489147124       0.74587292417581152       0.22526548189904522     
   8.6454272076071971E-004 -0.90307170078985899      -0.36567332418075504       0.22526545055802022     
   1.3404439150415421E-005   6.8711897110607073E-002 -0.97187147525925788       0.22526542294114960     
   4.0699234329220554E-003  0.73373247500577532      -0.15549840709488547       0.66140524681382162     
   1.4479891856637305E-004  0.37462373503203195       0.64976937593835427       0.66140518235294432     
   3.0676085648786473E-004 -0.50220246158509863       0.55707798636959382       0.66140517436762325     
   1.8916832957257637E-003 -0.68500186999661938      -0.30547623605022556       0.66140510075877201     
   6.4123022405726792E-005   7.8847652034752178E-002 -0.74587274162778661       0.66140524723142013     
   1.9375951850855487E-003  0.62434094844913135       0.23497640681972298       0.74497279703874497     
   9.9507471114220072E-005  -3.0543758928131274E-002  0.66639533323523670       0.74497270999200904     
   2.4584400448061962E-003 -0.64321810084632725       0.17687861741282829       0.74497277094251591     
   2.3979103937294687E-004 -0.36698709668596335      -0.55707818916876350       0.74497272568763129     
   3.1602058070536425E-004  0.41640745439304039      -0.52117194739768302       0.74497290767625546     
   9.1191856966813412E-003  0.91971395822499358       0.15549838772423483       0.36048090998176086     
   1.9662339332519216E-005  0.13631948712096470       0.92275158959594050       0.36048093060416136     
   9.9299461673596533E-004 -0.83546392862592811       0.41479323636330823       0.36048106057348239     
   1.4748323056529441E-004 -0.65266430962307631      -0.66639532120881106       0.36048103253186387     
   4.3063884856510015E-005  0.43209532925694594      -0.82664809916013160       0.36048099338144418     
   2.0198780814212415E-004  0.85254719325856820       0.52117176774319895        3.9284497888691511E-002
   1.3394845738508690E-005 -0.23221206722274154       0.97187153697997020        3.9284493688112238E-002
   2.2233207060692864E-003 -0.99606226702735434        7.9477596275060000E-002   3.9284499419819000E-002
   1.9483680814070643E-005 -0.38338761325511655      -0.92275168198310797        3.9284493122482729E-002
   1.0957671922955458E-004  0.75911545696840210      -0.64976953701182050        3.9284497745275766E-002
   4.9299231302143429E-003  0.70997942071834763        8.1915318540016088E-002  0.69944199383860806     
   1.0276565232475058E-004  0.14148938295120128       0.70054391112669889       0.69944190830646980     
   1.4792124028629439E-003 -0.62253436631231540       0.35104447678525624       0.69944173315487079     
   5.8530891022124342E-004 -0.52623706520829294      -0.48358624783797349       0.69944184326000480     
   1.5717388469557283E-004  0.29730190699656112      -0.64991745580306548       0.69944183227676515     
   5.8864848440458358E-003  0.96908167890366514       0.16184116784671423       0.18624751274383586     
   1.6089431994219017E-005  0.14554294715359223       0.97166306313719752       0.18624752956397872     
   5.3136940798364520E-004 -0.87913141862384725       0.43867960745950907       0.18624755243383156     
   1.1221272699165893E-004 -0.68887582022496829      -0.70054404297563488       0.18624754538175528     
   3.4903014413210643E-005  0.45338268638738433      -0.87163983210107621       0.18624753093387975     
   7.3532530160151850E-004  0.29606395217442849       0.16019234453103900       0.94163928814408882     
   3.7997585952420784E-004  -6.0863379738064015E-002  0.33107605688511865       0.94163915252301489     
   8.9662857830024234E-004 -0.33367976651369891        4.4423637571965331E-002  0.94163918453101658     
   4.3420111206006256E-004 -0.14536235600161446      -0.30362072241473670       0.94163912534368144     
   5.8651463497357871E-004  0.24384060841654956      -0.23207165247291439       0.94163926522078401     
   5.5416240131153328E-003  0.85395753006527708      -0.21120417516737552       0.47555160943548480     
   8.0889521552846285E-005  0.46475472611528296       0.74689590111789417       0.47555184517231891     
   1.4801693316259364E-004 -0.56672343341276277       0.67281129326002165       0.47555179915822743     
   2.2662483394878504E-003 -0.81500866208781686      -0.33107601743685849       0.47555183881462981     
   2.7026581144277054E-005   6.3020466606240402E-002 -0.87742738130599496       0.47555190181854601     
   1.0028941863342497E-003  0.58676148064005107      -0.37139692653990092       0.71956604130115154     
   6.1185991949923898E-004  0.53453811853547617       0.44327618310589273       0.71956599789291342     
   1.2802459787867343E-004 -0.25639869200517357       0.64535602873597320       0.71956605458579681     
   3.8829046446576402E-003 -0.69300159771931225       -4.4423633100798027E-002  0.71956606811369750     
   1.0207522438363244E-004 -0.17189971775142421      -0.67281138513390215       0.71956606859355210     
   4.7379106194542090E-003  0.80724765266158138       0.21120415849585830       0.55112977664650187     
   3.6591706004501357E-005   4.8586255284965359E-002  0.83300361315705018       0.55113007200177688     
   2.5813123292220729E-003 -0.77721949016879233       0.30362068196182002       0.55113006231451556     
   1.7793001971088066E-004 -0.52893427374874391      -0.64535591139102921       0.55113000434248072     
   1.1139458356342074E-004  0.45032047022080213      -0.70247218363345276       0.55113002578462766     
   7.4619093662910488E-004  0.90600715404176979       0.37139684646935189       0.20301581036400457     
   1.2893282346875292E-005  -7.3247534723512225E-002  0.97643195918415637       0.20301583125637737     
   2.3984023474499113E-003 -0.95127671762920918       0.23207152939098968       0.20301579185552254     
   3.8831078422594192E-005 -0.51467411848060041      -0.83300366899458000       0.20301585949818080     
   7.0330206653806208E-005  0.63319087190244960      -0.74689614782514369       0.20301592081257241     
   8.9345974061556653E-005  0.69433486736232330       0.70247242871196747       0.15630604231588380     
   2.7632447231283151E-005 -0.45352986177283655       0.87742753672159290       0.15630605325127236     
   3.8005561271594714E-003 -0.97463166656409639      -0.16019226021880478       0.15630596372654029     
   1.2910426914442543E-005 -0.14882577274177444      -0.97643193724551569       0.15630598611308230     
   3.8143943863585894E-004  0.88265212864671960      -0.44327606305531009       0.15630595547706952     
   1.7392363200092150E-003  0.48722485347699701        7.9925543626422471E-002  0.86961132101090977     
   2.7438206280212249E-004   7.4547038863619117E-002  0.48807653608044427       0.86961142697435900     
   1.1886664566657888E-003 -0.44115213454261798       0.22172260046466327       0.86961133998567375     
   6.4545030183482698E-004 -0.34719399514893584      -0.35104468120464666       0.86961138535005889     
   3.8149374645835043E-004  0.22657457782473087      -0.43867969097491366       0.86961145887672109     
   1.8729674329684701E-002  0.94311245899284901       -8.1915288498698322E-002  0.32222472779511618     
   3.5970171874148163E-005  0.36934404565959394       0.87163989775361883       0.32222486648281012     
   2.3432476153609271E-004 -0.71484521817776625       0.62061857917498764       0.32222491094141303     
   6.1118856184753912E-004 -0.81114266456636819      -0.48807651312253592       0.32222491377657198     
   2.3837810144143305E-005  0.21353174618181608      -0.92226643297398991       0.32222479727975262     
   6.4124300185850283E-004  0.18622503009920907       -8.0859830738808175E-002  0.97917410399654659     
   5.6299054570457677E-004  0.13444901736315892       0.15212351878627259       0.97917408909864623     
   5.3012887507753294E-004 -0.10313117360929130       0.17487725435926574       0.97917409429464330     
   6.6656571942184343E-004 -0.19818766580185351       -4.4043225032841429E-002  0.97917406187700828     
   4.8939246893424198E-004  -1.9355870408746582E-002 -0.20209771306771052       0.97917407270286783     
   7.9396584619112844E-004  0.84659703004711173      -0.42705400441611974       0.31764500000404017     
   1.3156848440835166E-004  0.66776505446946410       0.67319489541731392       0.31764518698300032     
   3.7247932727833775E-005 -0.43389578738209883       0.84311090604770988       0.31764515704710217     
   9.1075319349397318E-003 -0.93592738895905903      -0.15212346107763711       0.31764504590192943     
   1.7424269504263762E-005 -0.14453924601561416      -0.93712858458187220       0.31764512009601970     
   1.9412646148979570E-003  0.77401421074848742      -0.34619398949535046       0.53014311576845863     
   2.0555312045075527E-004  0.56843341090631239       0.62915154507211590       0.53014317943248579     
   8.5533019217370963E-005 -0.42270290001738592       0.73503092065974385       0.53014319196890680     
   6.0779548703855449E-003 -0.82967832231857208      -0.17487724739183969       0.53014321632865691     
   3.4141237387344988E-005  -9.0066243291850215E-002 -0.84311100772761838       0.53014328296019464     
   9.2166938328322977E-004  0.66272001563602789       0.42705410344879491       0.61516418426541131     
   6.0716538621662557E-005 -0.20136073069132224       0.76225106468697590       0.61516434431705203     
   6.6580649788001113E-003 -0.78716767678925570        4.4043229052004883E-002  0.61516440289802088     
   7.6484561418357585E-005 -0.28513599938911077      -0.73503087020453106       0.61516427212472513     
   5.3284771015339998E-004  0.61094396821097485      -0.49831772308246247       0.61516413628277911     
   1.9871813078054211E-003  0.82032409646349214       0.34619392738059390       0.45521219382410588     
   2.5029918348222991E-005  -7.5755476736237198E-002  0.88715436497832023       0.45521230260657358     
   6.0388463871626566E-003 -0.86714376641297419       0.20209767273696969       0.45521227910220285     
   7.1403533771057756E-005 -0.46016850302395551      -0.76225104906294072       0.45521235377254210     
   1.4559514534547276E-004  0.58274386765310737      -0.67319483525167256       0.45521236637768420     
   4.0503076391263645E-004  0.82344200199583140       0.49831773774154292       0.27133503570539513     
   1.7539149724181911E-005 -0.21947043521742332       0.93712859134919679       0.27133509050866417     
   1.6223271750802199E-002 -0.95908236117118295        8.0859809696788840E-002  0.27133506162327747     
   2.6154861294684872E-005 -0.37327528612250110      -0.88715434744167065       0.27133507805941426     
   1.6748416334388369E-004  0.72838550698716531      -0.62915164567518500       0.27133514323665581     
   3.6274501501420832E-003  0.64194017044193874        8.1960907851663906E-002  0.76236161180709094     
   1.5185210973959456E-004  0.12042108032693785       0.63584883920868951       0.76236147403305687     
   1.5125931264494156E-003 -0.56751605865422139       0.31101564880721305       0.76236132467918827     
   6.5435173244810028E-004 -0.47116559735137620      -0.44363057777967690       0.76236139089764432     
   2.2796111385049543E-004  0.27631970906551928      -0.58519422675375543       0.76236155159872854     
   1.9694458029443366E-002  0.96896137504283442        8.1960870498359942E-002  0.23323007821087469     
   2.0705932487768956E-005  0.22147630322759890       0.94686426811708024       0.23323015429344199     
   4.4674216398579508E-004 -0.83208159488726263       0.50323342937226323       0.23323021890848689     
   1.9181947058319104E-004 -0.73573085796863791      -0.63584888010617358       0.23323015735632613     
   3.0908532234591539E-005  0.37737496482843924      -0.89620969568934461       0.23323018087963338     
   7.7295825499854043E-004  0.26186893728915506        8.0891012344599431E-002  0.96170749389037957     
   4.4904107660761930E-004   3.9899452499377258E-003  0.27404920207528838       0.96170739582203502     
   7.6544663911794686E-004 -0.25940334796911246        8.8480428551303211E-002  0.96170739667832095     
   5.5344540021293729E-004 -0.16431014573410807      -0.21936503402525251       0.96170741801024706     
   5.4518624705130793E-004  0.15785362641103751      -0.22405595294352482       0.96170742046604474     
   3.4128660733536717E-003  0.85842365064385862      -0.28493815779741771       0.42651973254034159     
   9.8472402906619799E-005  0.53625969647159122       0.72835860195947455       0.42651997009734072     
   9.3657131284400331E-005 -0.52699696338675428       0.73508839437792828       0.42651993274877475     
   3.7266361576964078E-003 -0.86196161410651972      -0.27404915041985839       0.42651991625366914     
   2.3166645573664532E-005  -5.7244408554083344E-003 -0.90446006408398960       0.42651989784074346     
   1.3288539956821993E-003  0.65405261755200783      -0.36582933242809990       0.66210578687138633     
   4.6679681789733586E-004  0.55003724620980221       0.50899417991066298       0.66210569594212754     
   1.1631574907286151E-004 -0.31411089874664544       0.68040456783416858       0.66210570708835681     
   5.1362899337288543E-003 -0.74416864217929879       -8.8480443606409331E-002  0.66210591531584406     
   7.3230474376839556E-005 -0.14581084928396404      -0.73508850211847909       0.66210579991743013     
   2.9047791308669697E-003  0.76538965519782531       0.28493819366811990       0.57705190538226547     
   4.2697195365591876E-005  -3.4473795975010400E-002  0.81597940837866612       0.57705213152112644     
   4.3395380975511620E-003 -0.78669547443656695       0.21936502450862033       0.57705217833689626     
   1.3537643729540422E-004 -0.45173067834408226      -0.68040451816691327       0.57705206515603591     
   1.9027230172246330E-004  0.50751059000353005      -0.63987805528276265       0.57705205605891274     
   1.2188211964719435E-003  0.88470668574532663       0.36582922193671980       0.28889974138910940     
   1.5979658645539626E-005  -7.4534498552254275E-002  0.95445353817434286       0.28889972653507690     
   4.4342688460502957E-003 -0.93077169926700520       0.22405583115818772       0.28889968564819379     
   4.7794238700582538E-005 -0.50071414209974141      -0.81597932948735485       0.28889977803848621     
   9.0544564576139737E-005  0.62131343422323071      -0.72835875557126917       0.28889987822151675     
   1.4469756373795042E-004  0.74309655163327160       0.63987822831555474       0.19586568836446921     
   2.3792453919655751E-005 -0.37893069198435003       0.90446015700887317       0.19586565563096067     
   1.5426883444522444E-002 -0.97728875560756945       -8.0890975880211088E-002  0.19586561256166307     
   1.6086908165421451E-005 -0.22506697417768190      -0.95445352034563136       0.19586560349978302     
   3.1589981609746979E-004  0.83818949764636808      -0.50899412703555313       0.19586562914060301     
   1.7392363200092141E-003  0.48722485347699701       -7.9925543626422471E-002  0.86961132101090977     
   3.8149374645835043E-004  0.22657457782473087       0.43867969097491366       0.86961145887672109     
   6.4545030183482698E-004 -0.34719399514893584       0.35104468120464666       0.86961138535005889     
   1.1886664566657888E-003 -0.44115213454261798      -0.22172260046466327       0.86961133998567375     
   2.7438206280212249E-004   7.4547038863619117E-002 -0.48807653608044427       0.86961142697435900     
   5.8864848440458384E-003  0.96908167890366514      -0.16184116784671423       0.18624751274383586     
   3.4903014413210643E-005  0.45338268638738433       0.87163983210107621       0.18624753093387975     
   1.1221272699165893E-004 -0.68887582022496829       0.70054404297563488       0.18624754538175528     
   5.3136940798364542E-004 -0.87913141862384725      -0.43867960745950907       0.18624755243383156     
   1.6089431994219020E-005  0.14554294715359223      -0.97166306313719752       0.18624752956397872     
   7.3532530160151839E-004  0.29606395217442849      -0.16019234453103900       0.94163928814408882     
   5.8651463497357882E-004  0.24384060841654956       0.23207165247291439       0.94163926522078401     
   4.3420111206006262E-004 -0.14536235600161446       0.30362072241473670       0.94163912534368144     
   8.9662857830024245E-004 -0.33367976651369891       -4.4423637571965331E-002  0.94163918453101658     
   3.7997585952420767E-004  -6.0863379738064015E-002 -0.33107605688511865       0.94163915252301489     
   7.4619093662910477E-004  0.90600715404176979      -0.37139684646935189       0.20301581036400457     
   7.0330206653806208E-005  0.63319087190244960       0.74689614782514369       0.20301592081257241     
   3.8831078422594199E-005 -0.51467411848060041       0.83300366899458000       0.20301585949818080     
   2.3984023474499113E-003 -0.95127671762920918      -0.23207152939098968       0.20301579185552254     
   1.2893282346875291E-005  -7.3247534723512225E-002 -0.97643195918415637       0.20301583125637737     
   4.7379106194542072E-003  0.80724765266158138      -0.21120415849585830       0.55112977664650187     
   1.1139458356342073E-004  0.45032047022080213       0.70247218363345276       0.55113002578462766     
   1.7793001971088066E-004 -0.52893427374874391       0.64535591139102921       0.55113000434248072     
   2.5813123292220729E-003 -0.77721949016879233      -0.30362068196182002       0.55113006231451556     
   3.6591706004501357E-005   4.8586255284965359E-002 -0.83300361315705018       0.55113007200177688     
   1.0028941863342497E-003  0.58676148064005107       0.37139692653990092       0.71956604130115154     
   1.0207522438363246E-004 -0.17189971775142421       0.67281138513390215       0.71956606859355210     
   3.8829046446576402E-003 -0.69300159771931225        4.4423633100798027E-002  0.71956606811369750     
   1.2802459787867346E-004 -0.25639869200517357      -0.64535602873597320       0.71956605458579681     
   6.1185991949923887E-004  0.53453811853547617      -0.44327618310589273       0.71956599789291342     
   5.5416240131153328E-003  0.85395753006527708       0.21120417516737552       0.47555160943548480     
   2.7026581144277054E-005   6.3020466606240402E-002  0.87742738130599496       0.47555190181854601     
   2.2662483394878504E-003 -0.81500866208781686       0.33107601743685849       0.47555183881462981     
   1.4801693316259367E-004 -0.56672343341276277      -0.67281129326002165       0.47555179915822743     
   8.0889521552846285E-005  0.46475472611528296      -0.74689590111789417       0.47555184517231891     
   3.8143943863585904E-004  0.88265212864671960       0.44327606305531009       0.15630595547706952     
   1.2910426914442545E-005 -0.14882577274177444       0.97643193724551569       0.15630598611308230     
   3.8005561271594714E-003 -0.97463166656409639       0.16019226021880478       0.15630596372654029     
   2.7632447231283151E-005 -0.45352986177283655      -0.87742753672159290       0.15630605325127236     
   8.9345974061556680E-005  0.69433486736232330      -0.70247242871196747       0.15630604231588380     
   4.9299231302143420E-003  0.70997942071834763       -8.1915318540016088E-002  0.69944199383860806     
   1.5717388469557286E-004  0.29730190699656112       0.64991745580306548       0.69944183227676515     
   5.8530891022124342E-004 -0.52623706520829294       0.48358624783797349       0.69944184326000480     
   1.4792124028629441E-003 -0.62253436631231540      -0.35104447678525624       0.69944173315487079     
   1.0276565232475055E-004  0.14148938295120128      -0.70054391112669889       0.69944190830646980     
   3.4758415231995370E-003  0.99569760454015122        7.9925539521675984E-002   4.6884842381879163E-002
   1.6049191393147518E-005  0.23167351568302522       0.97166310722413685        4.6884839667024260E-002
   2.4455909583104675E-004 -0.85251556740245715       0.52059487068786958        4.6884837100568844E-002
   1.3154626782589651E-004 -0.75855726885502273      -0.64991744313698008        4.6884826687308152E-002
   2.3399243910676810E-005  0.38370096207916976      -0.92226643886732540        4.6884831646295616E-002
   1.1045550283162954E-003  0.41031579404012808        7.9477601426094599E-002  0.90847358796652644     
   2.9595103330622071E-004   5.1206683726032154E-002  0.41479326304027275       0.90847367847295679     
   8.9342947554121692E-004 -0.37866810811272011       0.17687862400456802       0.90847367395460832     
   5.3870718283696955E-004 -0.28523634678491011      -0.30547640660645176       0.90847366031140842     
   3.9391409205552920E-004  0.20238226687665792      -0.36567340583052937       0.90847365306989847     
   9.1191856966813412E-003  0.91971395822499358      -0.15549838772423483       0.36048090998176086     
   4.3063884856510015E-005  0.43209532925694594       0.82664809916013160       0.36048099338144418     
   1.4748323056529438E-004 -0.65266430962307631       0.66639532120881106       0.36048103253186387     
   9.9299461673596555E-004 -0.83546392862592811      -0.41479323636330823       0.36048106057348239     
   1.9662339332519212E-005  0.13631948712096470      -0.92275158959594050       0.36048093060416136     
   1.9375951850855485E-003  0.62434094844913135      -0.23497640681972298       0.74497279703874497     
   3.1602058070536419E-004  0.41640745439304039       0.52117194739768302       0.74497290767625546     
   2.3979103937294690E-004 -0.36698709668596335       0.55707818916876350       0.74497272568763129     
   2.4584400448061958E-003 -0.64321810084632725      -0.17687861741282829       0.74497277094251591     
   9.9507471114220099E-005  -3.0543758928131274E-002 -0.66639533323523670       0.74497270999200904     
   4.0699234329220554E-003  0.73373247500577532       0.15549840709488547       0.66140524681382162     
   6.4123022405726806E-005   7.8847652034752178E-002  0.74587274162778661       0.66140524723142013     
   1.8916832957257645E-003 -0.68500186999661938       0.30547623605022556       0.66140510075877201     
   3.0676085648786479E-004 -0.50220246158509863      -0.55707798636959382       0.66140517436762325     
   1.4479891856637302E-004  0.37462373503203195      -0.64976937593835427       0.66140518235294432     
   2.7821636454513775E-003  0.94553771638809292       0.23497637038789337       0.22526547060506633     
   1.3404439150415421E-005   6.8711897110607073E-002  0.97187147525925788       0.22526542294114960     
   8.6454272076071982E-004 -0.90307170078985899       0.36567332418075504       0.22526545055802022     
   7.2741383838335425E-005 -0.62684052489147124      -0.74587292417581152       0.22526548189904522     
   4.1111182779092507E-005  0.51566297807611594      -0.82664814979264956       0.22526546447704859     
   1.0957671922955456E-004  0.75911545696840210       0.64976953701182050        3.9284497745275766E-002
   1.9483680814070646E-005 -0.38338761325511655       0.92275168198310797        3.9284493122482729E-002
   2.2233207060692868E-003 -0.99606226702735434       -7.9477596275060000E-002   3.9284499419819000E-002
   1.3394845738508693E-005 -0.23221206722274154      -0.97187153697997020        3.9284493688112238E-002
   2.0198780814212423E-004  0.85254719325856820      -0.52117176774319895        3.9284497888691511E-002
   2.4938514241126938E-003  0.59997150716523295       0.16184121119172551       0.78348044835201480     
   1.5070114295310418E-004   3.1481406561057294E-002  0.62061852771080717       0.78348041717901773     
   1.9948271554417422E-003 -0.58051507482189024       0.22172255443119657       0.78348028485791543     
   4.2810156428756048E-004 -0.39025988140288864      -0.48358636530285298       0.78348034580363202     
   3.2693741829059711E-004  0.33932126575033184      -0.52059506945797640       0.78348060107805939     
   1.8729674329684708E-002  0.94311245899284901        8.1915288498698322E-002  0.32222472779511618     
   2.3837810144143305E-005  0.21353174618181608       0.92226643297398991       0.32222479727975262     
   6.1118856184753901E-004 -0.81114266456636819       0.48807651312253592       0.32222491377657198     
   2.3432476153609276E-004 -0.71484521817776625      -0.62061857917498764       0.32222491094141303     
   3.5970171874148150E-005  0.36934404565959394      -0.87163989775361883       0.32222486648281012     
   6.4124300185850272E-004  0.18622503009920907        8.0859830738808175E-002  0.97917410399654659     
   4.8939246893424198E-004  -1.9355870408746582E-002  0.20209771306771052       0.97917407270286783     
   6.6656571942184364E-004 -0.19818766580185351        4.4043225032841429E-002  0.97917406187700828     
   5.3012887507753294E-004 -0.10313117360929130      -0.17487725435926574       0.97917409429464330     
   5.6299054570457688E-004  0.13444901736315892      -0.15212351878627259       0.97917408909864623     
   1.9871813078054211E-003  0.82032409646349214      -0.34619392738059390       0.45521219382410588     
   1.4559514534547274E-004  0.58274386765310737       0.67319483525167256       0.45521236637768420     
   7.1403533771057770E-005 -0.46016850302395551       0.76225104906294072       0.45521235377254210     
   6.0388463871626557E-003 -0.86714376641297419      -0.20209767273696969       0.45521227910220285     
   2.5029918348222991E-005  -7.5755476736237198E-002 -0.88715436497832023       0.45521230260657358     
   9.2166938328322977E-004  0.66272001563602789      -0.42705410344879491       0.61516418426541131     
   5.3284771015339998E-004  0.61094396821097485       0.49831772308246247       0.61516413628277911     
   7.6484561418357585E-005 -0.28513599938911077       0.73503087020453106       0.61516427212472513     
   6.6580649788001104E-003 -0.78716767678925570       -4.4043229052004883E-002  0.61516440289802088     
   6.0716538621662563E-005 -0.20136073069132224      -0.76225106468697590       0.61516434431705203     
   1.9412646148979575E-003  0.77401421074848742       0.34619398949535046       0.53014311576845863     
   3.4141237387344988E-005  -9.0066243291850215E-002  0.84311100772761838       0.53014328296019464     
   6.0779548703855449E-003 -0.82967832231857208       0.17487724739183969       0.53014321632865691     
   8.5533019217370922E-005 -0.42270290001738592      -0.73503092065974385       0.53014319196890680     
   2.0555312045075533E-004  0.56843341090631239      -0.62915154507211590       0.53014317943248579     
   7.9396584619112834E-004  0.84659703004711173       0.42705400441611974       0.31764500000404017     
   1.7424269504263756E-005 -0.14453924601561416       0.93712858458187220       0.31764512009601970     
   9.1075319349397318E-003 -0.93592738895905903       0.15212346107763711       0.31764504590192943     
   3.7247932727833782E-005 -0.43389578738209883      -0.84311090604770988       0.31764515704710217     
   1.3156848440835166E-004  0.66776505446946410      -0.67319489541731392       0.31764518698300032     
   1.6748416334388372E-004  0.72838550698716531       0.62915164567518500       0.27133514323665581     
   2.6154861294684876E-005 -0.37327528612250110       0.88715434744167065       0.27133507805941426     
   1.6223271750802199E-002 -0.95908236117118295       -8.0859809696788840E-002  0.27133506162327747     
   1.7539149724181911E-005 -0.21947043521742332      -0.93712859134919679       0.27133509050866417     
   4.0503076391263661E-004  0.82344200199583140      -0.49831773774154292       0.27133503570539513     
   2.2396167223089395E-003  0.52913111599085838        0.0000000000000000       0.84854007689104993     
   2.8982547800460417E-004  0.16351067051309645       0.50323343064938786       0.84854014336695072     
   9.5481026830171554E-004 -0.42807614322648369       0.31101573740526561       0.84853993818004692     
   9.5481026830171586E-004 -0.42807614322648369      -0.31101573740526561       0.84853993818004692     
   2.8982547800460412E-004  0.16351067051309645      -0.50323343064938786       0.84854014336695072     
   1.9694458029443366E-002  0.96896137504283442       -8.1960870498359942E-002  0.23323007821087469     
   3.0908532234591539E-005  0.37737496482843924       0.89620969568934461       0.23323018087963338     
   1.9181947058319107E-004 -0.73573085796863791       0.63584888010617358       0.23323015735632613     
   4.4674216398579497E-004 -0.83208159488726263      -0.50323342937226323       0.23323021890848689     
   2.0705932487768963E-005  0.22147630322759890      -0.94686426811708024       0.23323015429344199     
   7.7295825499854075E-004  0.26186893728915506       -8.0891012344599431E-002  0.96170749389037957     
   5.4518624705130803E-004  0.15785362641103751       0.22405595294352482       0.96170742046604474     
   5.5344540021293740E-004 -0.16431014573410807       0.21936503402525251       0.96170741801024706     
   7.6544663911794718E-004 -0.25940334796911246       -8.8480428551303211E-002  0.96170739667832095     
   4.4904107660761940E-004   3.9899452499377258E-003 -0.27404920207528838       0.96170739582203502     
   1.2188211964719435E-003  0.88470668574532663      -0.36582922193671980       0.28889974138910940     
   9.0544564576139737E-005  0.62131343422323071       0.72835875557126917       0.28889987822151675     
   4.7794238700582524E-005 -0.50071414209974141       0.81597932948735485       0.28889977803848621     
   4.4342688460502966E-003 -0.93077169926700520      -0.22405583115818772       0.28889968564819379     
   1.5979658645539632E-005  -7.4534498552254275E-002 -0.95445353817434286       0.28889972653507690     
   2.9047791308669697E-003  0.76538965519782531      -0.28493819366811990       0.57705190538226547     
   1.9027230172246332E-004  0.50751059000353005       0.63987805528276265       0.57705205605891274     
   1.3537643729540422E-004 -0.45173067834408226       0.68040451816691327       0.57705206515603591     
   4.3395380975511611E-003 -0.78669547443656695      -0.21936502450862033       0.57705217833689626     
   4.2697195365591876E-005  -3.4473795975010400E-002 -0.81597940837866612       0.57705213152112644     
   1.3288539956821993E-003  0.65405261755200783       0.36582933242809990       0.66210578687138633     
   7.3230474376839542E-005 -0.14581084928396404       0.73508850211847909       0.66210579991743013     
   5.1362899337288525E-003 -0.74416864217929879        8.8480443606409331E-002  0.66210591531584406     
   1.1631574907286155E-004 -0.31411089874664544      -0.68040456783416858       0.66210570708835681     
   4.6679681789733591E-004  0.55003724620980221      -0.50899417991066298       0.66210569594212754     
   3.4128660733536713E-003  0.85842365064385862       0.28493815779741771       0.42651973254034159     
   2.3166645573664542E-005  -5.7244408554083344E-003  0.90446006408398960       0.42651989784074346     
   3.7266361576964078E-003 -0.86196161410651972       0.27404915041985839       0.42651991625366914     
   9.3657131284400331E-005 -0.52699696338675428      -0.73508839437792828       0.42651993274877475     
   9.8472402906619799E-005  0.53625969647159122      -0.72835860195947455       0.42651997009734072     
   3.1589981609746979E-004  0.83818949764636808       0.50899412703555313       0.19586562914060301     
   1.6086908165421451E-005 -0.22506697417768190       0.95445352034563136       0.19586560349978302     
   1.5426883444522442E-002 -0.97728875560756945        8.0890975880211088E-002  0.19586561256166307     
   2.3792453919655754E-005 -0.37893069198435003      -0.90446015700887317       0.19586565563096067     
   1.4469756373795039E-004  0.74309655163327160      -0.63987822831555474       0.19586568836446921     
   1.2935118963905699E-003  0.47600146596965831      -0.23571066979093405       0.84726801222602843     
   6.2087364654809596E-004  0.37126660140698037       0.37986546866621101       0.84726816085269607     
   3.4728650891416459E-004 -0.24654606098235890       0.47048039679086184       0.84726810163583766     
   1.9916343290270625E-003 -0.52364053971492142       -8.9092484822248269E-002  0.84726802979651195     
   2.3574151521013335E-004  -7.7081787724731454E-002 -0.52554291156289923       0.84726798954471894     
   6.9210149654684193E-004  0.97069389342932033      -0.23571064289137791        4.6838638822672543E-002
   3.9065463853497739E-005  0.52413485782229230       0.85034627825792020        4.6838636492847904E-002
   6.9647615169560426E-005 -0.64676051741244411       0.76125355484410206        4.6838641671223986E-002
   4.2220327038511605E-004 -0.92385526794557904      -0.37986522264319539        4.6838622048883068E-002
   1.3215617267632771E-005   7.5786626255470030E-002 -0.99602335731693092        4.6838648143633609E-002
   8.4684673229255846E-004  0.39921932410373068      -0.23502359223032421       0.88622110241029284     
   6.1561015374472956E-004  0.34688626410330309       0.30705378668456235       0.88622113033888150     
   3.1743044263110869E-004 -0.18483186738651253       0.42479350584276504       0.88622099850558012     
   1.3461030853458812E-003 -0.46111874760671329       -4.4516977239206106E-002  0.88622104429036219     
   2.6593071651437886E-004 -0.10015556928875978      -0.45230668004216251       0.88622092568934607     
   5.4594718673481280E-004  0.94726196185276712      -0.30868681532810327        8.6065240773730914E-002
   4.4483759390120204E-005  0.58629853110328733       0.80551027353824589        8.6065275520780374E-002
   4.4252350661792642E-005 -0.58490964904243159       0.80651935410366926        8.6065288666568249E-002
   5.3974584335739868E-004 -0.94779261378949409      -0.30705363448185996        8.6065247327588995E-002
   1.1028957658477380E-005  -8.5841880083847508E-004 -0.99628913081194159        8.6065271411576799E-002
   8.1620771846839194E-003  0.82409008917049276       -7.3662680579262785E-002  0.56164876428320110     
   6.7366962316123873E-005  0.32471574961392080       0.76099301050510260       0.56164875136961723     
   4.0202157068592687E-004 -0.62340503846186179       0.54398232868388130       0.56164880850939791     
   1.0316285883415239E-003 -0.71000085017296310      -0.42479337669447376       0.56164880474383316     
   4.5488106282524735E-005  0.18460035058337099      -0.80651918134090861       0.56164893010998185     
   9.5971061185499951E-004  0.50060756053626421       0.30868690842379182       0.80876724890520402     
   1.6702297215620587E-004 -0.13888206779696627       0.57149563378026580       0.80876727914433533     
   2.2677054097110837E-003 -0.58644165977042839        4.4516968045156632E-002  0.80876722191355632     
   2.0578271254398573E-004 -0.22355869097829922      -0.54398247323321514       0.80876732160933884     
   6.3287469630676275E-004  0.44827456977962221      -0.38071679601171771       0.80876735302772129     
   1.0903532033375754E-002  0.87089823047017256        7.3662676636139970E-002  0.48591159919755117     
   3.3719446321328976E-005  0.19906497211525645       0.85103639409670584       0.48591171296813657     
   8.6299222553760566E-004 -0.74786933098167585       0.45230662085636963       0.48591170443457421     
   3.3401512704741827E-004 -0.66127350355149406      -0.57149555694408105       0.48591170174621923     
   4.9570628402700543E-005  0.33918013768182842      -0.80551016315778479       0.48591173195515142     
   3.4412962118059788E-004  0.92385807629930272       0.38071657791713848        3.9257383453497691E-002
   1.1029084184595813E-005  -7.6595242030268421E-002  0.99628912732046149        3.9257402886052457E-002
   5.4475783204358528E-004 -0.97119657899113199       0.23502353384561153        3.9257400507960477E-002
   3.2479524945878892E-005 -0.52363701852202582      -0.85103650282643772        3.9257403000074270E-002
   5.8214359660738348E-005  0.64757098588437545      -0.76099321596162239        3.9257400590531219E-002
   8.9208605069565263E-003  0.80042917994281759        0.0000000000000000       0.59942733329075715     
   7.6095902419943672E-005  0.24734636001019944       0.76125336853580250       0.59942729924703830     
   8.2406899026409898E-004 -0.64756105441407785       0.47048019420649828       0.59942728305069948     
   8.2406899026409909E-004 -0.64756105441407785      -0.47048019420649828       0.59942728305069948     
   7.6095902419943672E-005  0.24734636001019944      -0.76125336853580250       0.59942729924703830     
   6.9210149654684203E-004  0.97069389342932033       0.23571064289137791        4.6838638822672543E-002
   1.3215617267632769E-005   7.5786626255470030E-002  0.99602335731693092        4.6838648143633609E-002
   4.2220327038511600E-004 -0.92385526794557904       0.37986522264319539        4.6838622048883068E-002
   6.9647615169560426E-005 -0.64676051741244411      -0.76125355484410206        4.6838641671223986E-002
   3.9065463853497746E-005  0.52413485782229230      -0.85034627825792020        4.6838636492847904E-002
   8.4684673229255835E-004  0.39921932410373068       0.23502359223032421       0.88622110241029284     
   2.6593071651437886E-004 -0.10015556928875978       0.45230668004216251       0.88622092568934607     
   1.3461030853458812E-003 -0.46111874760671329        4.4516977239206106E-002  0.88622104429036219     
   3.1743044263110869E-004 -0.18483186738651253      -0.42479350584276504       0.88622099850558012     
   6.1561015374472956E-004  0.34688626410330309      -0.30705378668456235       0.88622113033888150     
   1.0903532033375758E-002  0.87089823047017256       -7.3662676636139970E-002  0.48591159919755117     
   4.9570628402700537E-005  0.33918013768182842       0.80551016315778479       0.48591173195515142     
   3.3401512704741827E-004 -0.66127350355149406       0.57149555694408105       0.48591170174621923     
   8.6299222553760566E-004 -0.74786933098167585      -0.45230662085636963       0.48591170443457421     
   3.3719446321328976E-005  0.19906497211525645      -0.85103639409670584       0.48591171296813657     
   9.5971061185499962E-004  0.50060756053626421      -0.30868690842379182       0.80876724890520402     
   6.3287469630676253E-004  0.44827456977962221       0.38071679601171771       0.80876735302772129     
   2.0578271254398573E-004 -0.22355869097829922       0.54398247323321514       0.80876732160933884     
   2.2677054097110846E-003 -0.58644165977042839       -4.4516968045156632E-002  0.80876722191355632     
   1.6702297215620584E-004 -0.13888206779696627      -0.57149563378026580       0.80876727914433533     
   8.1620771846839194E-003  0.82409008917049276        7.3662680579262785E-002  0.56164876428320110     
   4.5488106282524742E-005  0.18460035058337099       0.80651918134090861       0.56164893010998185     
   1.0316285883415236E-003 -0.71000085017296310       0.42479337669447376       0.56164880474383316     
   4.0202157068592687E-004 -0.62340503846186179      -0.54398232868388130       0.56164880850939791     
   6.7366962316123873E-005  0.32471574961392080      -0.76099301050510260       0.56164875136961723     
   5.4594718673481291E-004  0.94726196185276712       0.30868681532810327        8.6065240773730914E-002
   1.1028957658477380E-005  -8.5841880083847508E-004  0.99628913081194159        8.6065271411576799E-002
   5.3974584335739868E-004 -0.94779261378949409       0.30705363448185996        8.6065247327588995E-002
   4.4252350661792642E-005 -0.58490964904243159      -0.80651935410366926        8.6065288666568249E-002
   4.4483759390120204E-005  0.58629853110328733      -0.80551027353824589        8.6065275520780374E-002
   5.8214359660738334E-005  0.64757098588437545       0.76099321596162239        3.9257400590531219E-002
   3.2479524945878899E-005 -0.52363701852202582       0.85103650282643772        3.9257403000074270E-002
   5.4475783204358528E-004 -0.97119657899113199      -0.23502353384561153        3.9257400507960477E-002
   1.1029084184595812E-005  -7.6595242030268421E-002 -0.99628912732046149        3.9257402886052457E-002
   3.4412962118059805E-004  0.92385807629930272      -0.38071657791713848        3.9257383453497691E-002
   1.2935118963905694E-003  0.47600146596965831       0.23571066979093405       0.84726801222602843     
   2.3574151521013335E-004  -7.7081787724731454E-002  0.52554291156289923       0.84726798954471894     
   1.9916343290270625E-003 -0.52364053971492142        8.9092484822248269E-002  0.84726802979651195     
   3.4728650891416459E-004 -0.24654606098235890      -0.47048039679086184       0.84726810163583766     
   6.2087364654809596E-004  0.37126660140698037      -0.37986546866621101       0.84726816085269607     
   1.6525414090375511E-002  0.89410700422234346        0.0000000000000000       0.44785339677236596     
   4.1638435885908073E-005  0.27629434837161926       0.85034622981824304       0.44785346095771350     
   5.6747204328237840E-004 -0.72334777123993710       0.52554282867587820       0.44785347723286911     
   5.6747204328237851E-004 -0.72334777123993710      -0.52554282867587820       0.44785347723286911     
   4.1638435885908073E-005  0.27629434837161926      -0.85034622981824304       0.44785346095771350     
   5.8410317583157672E-004   7.4672235979725221E-002   0.0000000000000000       0.99720813132153530     
   5.6271391520786962E-004   2.3074890687031280E-002   7.1017108138818008E-002  0.99720816270795787     
   5.7593088241434721E-004  -6.0411006473622061E-002   4.3890997843072134E-002  0.99720814808403135     
   5.7593088241434721E-004  -6.0411006473622061E-002  -4.3890997843072134E-002  0.99720814808403135     
   5.6271391520786962E-004   2.3074890687031280E-002  -7.1017108138818008E-002  0.99720816270795787     
   6.9379363290351828E-004  0.77167799082993971      -0.47287465147178487       0.42532651276884381     
   2.7985074800949305E-004  0.68819211062665253       0.58778310078314067       0.42532651610849459     
   3.9093218941527648E-005 -0.34635182094808503       0.83614458652659196       0.42532651756999595     
   1.3180866844551362E-002 -0.90224936945489842       -7.1017106707124841E-002  0.42532651677644923     
   2.7002304886273664E-005 -0.21126860857440921      -0.88003572286925758       0.42532658217541075     
   7.2495112018184282E-004  0.72552820199997192      -0.47287463759990872       0.49999840521489958     
   4.1173259929669169E-004  0.67393110697355696       0.54389201091791961       0.49999834351031380     
   4.6904601563032803E-005 -0.30901570146765073       0.80901846229429253       0.49999842391095023     
   1.0899797725599899E-002 -0.86491334787151219       -4.3891002515584955E-002  0.49999848056956075     
   3.7337030191283649E-005 -0.22552981852271645      -0.83614463315121101       0.49999845340714533     
   7.2495112018184271E-004  0.72552820199997192       0.47287463759990872       0.49999840521489958     
   3.7337030191283655E-005 -0.22552981852271645       0.83614463315121101       0.49999845340714533     
   1.0899797725599899E-002 -0.86491334787151219        4.3891002515584955E-002  0.49999848056956075     
   4.6904601563032803E-005 -0.30901570146765073      -0.80901846229429253       0.49999842391095023     
   4.1173259929669180E-004  0.67393110697355696      -0.54389201091791961       0.49999834351031380     
   6.9379363290351839E-004  0.77167799082993971       0.47287465147178487       0.42532651276884381     
   2.7002304886273668E-005 -0.21126860857440921       0.88003572286925758       0.42532658217541075     
   1.3180866844551362E-002 -0.90224936945489842        7.1017106707124841E-002  0.42532651677644923     
   3.9093218941527641E-005 -0.34635182094808503      -0.83614458652659196       0.42532651756999595     
   2.7985074800949305E-004  0.68819211062665253      -0.58778310078314067       0.42532651610849459     
   3.7350770215419804E-004  0.74860302532367440       0.54389203461205016       0.37917669385367914     
   2.7499116325870881E-005 -0.28594084392189928       0.88003568298601575       0.37917677994382626     
   1.6954361355786991E-002 -0.92532426867440454        0.0000000000000000       0.37917673689478665     
   2.7499116325870877E-005 -0.28594084392189928      -0.88003568298601575       0.37917677994382626     
   3.7350770215419809E-004  0.74860302532367440      -0.54389203461205016       0.37917669385367914     
