         640
   3.5603072432254987E-003  0.60706194014711301        0.0000000000000000       0.79465451664532993     
   9.2073444620767875E-004  0.18759255138358263       0.57735031490990962       0.79465442082632765     
   1.9792211739946058E-003 -0.49112372125323756       0.35682220677957410       0.79465426644002046     
   1.9792211739933100E-003 -0.49112372125323756      -0.35682220677957410       0.79465426644002046     
   9.2073444620766726E-004  0.18759255138358263      -0.57735031490990962       0.79465442082632765     
   1.0897102125953803E-002  0.98224700783273022        0.0000000000000000       0.18759215229760648     
   3.0149673676267686E-004  0.30353098923606553       0.93417240797862966       0.18759224596124496     
   9.9480904897906032E-004 -0.79465459607254652       0.57735019572063440       0.18759217585529261     
   9.9480904897873593E-004 -0.79465459607254652      -0.57735019572063440       0.18759217585529261     
   3.0149673676281455E-004  0.30353098923606553      -0.93417240797862966       0.18759224596124496     
   1.6849242133680673E-003  0.30086902862572285        0.0000000000000000       0.95366546944608099     
   1.2152309798859966E-003   9.2973404281006547E-002  0.28614390766305542       0.95366535545951192     
   1.4828694010601718E-003 -0.24340841919387179       0.17684635459010173       0.95366540690838342     
   1.4828694010595770E-003 -0.24340841919387179      -0.17684635459010173       0.95366540690838342     
   1.2152309798856217E-003   9.2973404281006547E-002 -0.28614390766305542       0.95366535545951192     
   2.9749344130132614E-003  0.89190792678169228      -0.29431611811897290       0.34333405417954443     
   4.9871174297724645E-004  0.55552599598456076       0.75730610515035723       0.34333413883177710     
   4.8980261134527476E-004 -0.54857414936448101       0.76235696893561067       0.34333402768200039     
   3.0832994997057077E-003 -0.89456327417692305      -0.28614382141468203       0.34333403845244603     
   2.4207824247683780E-004  -4.2962668354770217E-003 -0.93920354602473033       0.34333400825704780     
   2.7038302823446229E-003  0.70596061315220016      -0.29431616575890873       0.64420307919998665     
   9.4722277905058539E-004  0.49806496949648171       0.58045996349506590       0.64420300910487494     
   7.0388347752567686E-004 -0.39813926059218424       0.65306019553268202       0.64420300386285378     
   3.6920121123550243E-003 -0.74412868320436409      -0.17684638230296623       0.64420327529351495     
   4.4329015573451648E-004  -6.1757524451266539E-002 -0.76235714159843737       0.64420307110996566     
   2.7038302823460714E-003  0.70596061315220016       0.29431616575890873       0.64420307919998665     
   4.4329015573465477E-004  -6.1757524451266539E-002  0.76235714159843737       0.64420307110996566     
   3.6920121123537038E-003 -0.74412868320436409       0.17684638230296623       0.64420327529351495     
   7.0388347752579146E-004 -0.39813926059218424      -0.65306019553268202       0.64420300386285378     
   9.4722277905152398E-004  0.49806496949648171      -0.58045996349506590       0.64420300910487494     
   2.9749344130158679E-003  0.89190792678169228       0.29431611811897290       0.34333405417954443     
   2.4207824247689859E-004  -4.2962668354770217E-003  0.93920354602473033       0.34333400825704780     
   3.0832994997061856E-003 -0.89456327417692305       0.28614382141468203       0.34333403845244603     
   4.8980261134528550E-004 -0.54857414936448101      -0.76235696893561067       0.34333402768200039     
   4.9871174297691403E-004  0.55552599598456076      -0.75730610515035723       0.34333413883177710     
   7.8697127195453216E-004  0.79893402689773141       0.58046004393828765       0.15738665145474184     
   2.4331800438193106E-004 -0.30516551121422231       0.93920363300082943       0.15738661481652658     
   8.9852690819659502E-003 -0.98753706247610540        0.0000000000000000       0.15738662661123631     
   2.4331800438226093E-004 -0.30516551121422231      -0.93920363300082943       0.15738661481652658     
   7.8697127195480484E-004  0.79893402689773141      -0.58046004393828765       0.15738665145474184     
   2.6075914040087204E-003  0.52330352983362771      -0.15983268487777064       0.83702265710578516     
   1.2648292408639265E-003  0.31371952511302037       0.44829992712604710       0.83702284013140393     
   1.3136481105264556E-003 -0.32941435117895007       0.43689714960076492       0.83702273918220294     
   2.5353117386918808E-003 -0.51730874803675986      -0.17828273477891576       0.83702265541883092     
   8.9226798742765925E-004   9.6997331182685272E-003 -0.54708219654173340       0.83702269109296346     
   2.7350187076540496E-003  0.98268431671195910      -0.15983267429359188        9.3728597111599893E-002
   3.4097552836891983E-004  0.45567581465322032       0.88519743795509842        9.3728585702835654E-002
   6.0931515985483101E-004 -0.70106111142162131       0.70691461527058130        9.3728569652626020E-002
   1.1695442508038660E-003 -0.88895577571542350      -0.44829965915958220        9.3728567788012113E-002
   2.3455359936000393E-004  0.15165618098890490      -0.98397934457699332        9.3728609366036969E-002
   1.6752499979939080E-003  0.36988694981369902      -0.15879735624012686       0.91540539872160709     
   1.2791675944498215E-003  0.26532656041904634       0.30271233845934725       0.91540540553389338     
   1.1472058570915630E-003 -0.20590608444218417       0.34588408022407724       0.91540531320133389     
   1.8041633556340341E-003 -0.39258370485764804       -8.8944007984250853E-002  0.91540537365909136     
   9.8397243005428283E-004  -3.6724362598650334E-002 -0.40085469962002451       0.91540528236637508     
   1.7360908086654820E-003  0.93631941636473781      -0.30610323044408105       0.17206615835223016     
   3.9391454077213382E-004  0.58045995290658281       0.79590166949640706       0.17206619529855266     
   3.9131536585480190E-004 -0.57757574874615558       0.79799717179699903       0.17206617408517177     
   1.7468790521529330E-003 -0.93742123839836078      -0.30271219022578999       0.17206612591788312     
   1.9475244518997142E-004  -1.7824734620751905E-003 -0.98508378422633514       0.17206615251896654     
   4.1998872006079992E-003  0.79120148760884490      -0.14730519235775907       0.59354981788388628     
   5.6466366991153583E-004  0.38459076780267448       0.70695725480389815       0.59354981358019598     
   9.3531424591031676E-004 -0.55351149586823312       0.58422903475919086       0.59354987902117806     
   2.3416463859036673E-003 -0.72667930086991905      -0.34588393941486423       0.59354990872045466     
   3.8255635302311301E-004  0.10439876712222373      -0.79799705358697770       0.59354999780124829     
   1.9732629947293049E-003  0.57263550703834865       0.30610327383447056       0.76051913968469764     
   6.0815030837337177E-004 -0.11416693142531931       0.63919991064798720       0.76051915557501348     
   3.0012915318867262E-003 -0.64319478356469073        8.8944002512380757E-002  0.76051918766869275     
   7.5764950115838302E-004 -0.28334899556771048      -0.58422931454045779       0.76051920077165469     
   1.2502018747241393E-003  0.46807518405653420      -0.45001793612062835       0.76051921687763535     
   5.2654163863501205E-003  0.88472308212134543       0.14730519801224820       0.44222872656610568     
   2.8337278518531027E-004  0.13329871762721895       0.88694141908663238       0.44222886720286553     
   1.9927558511515695E-003 -0.80233984591166518       0.40085461182898030       0.44222884555157949     
   7.7496856664547263E-004 -0.62917198545548914      -0.63919972602574393       0.44222881290867022     
   4.1432624291207963E-004  0.41349052353871502      -0.79590150779073410       0.44222887382001097     
   9.5178008007171700E-004  0.88955874091102338       0.45001772174562449        7.8544869874947826E-002
   1.9481188645589591E-004 -0.15310329520925500       0.98508379431798976        7.8544886327119603E-002
   2.0362868230498696E-003 -0.98418195001873021       0.15879732037844982        7.8544893519270090E-002
   2.8230590549615787E-004 -0.45515422380392340      -0.88694156017899717        7.8544900411767121E-002
   5.0562395952963464E-004  0.70288105218792551      -0.70695751429304210        7.8544888183750189E-002
   4.8626643105705997E-003  0.74329384660542797        0.0000000000000000       0.66896506455756455     
   6.2906027604195164E-004  0.22969048439112008       0.70691454231402850       0.66896495516964138     
   1.8413714066854176E-003 -0.60133765819601559       0.43689690618649185       0.66896495737819017     
   1.8413714066851342E-003 -0.60133765819601559      -0.43689690618649185       0.66896495737819017     
   6.2906027604247010E-004  0.22969048439112008      -0.70691454231402850       0.66896495516964138     
   2.7350187076534719E-003  0.98268431671195910       0.15983267429359188        9.3728597111599893E-002
   2.3455359936012352E-004  0.15165618098890490       0.98397934457699332        9.3728609366036969E-002
   1.1695442508044410E-003 -0.88895577571542350       0.44829965915958220        9.3728567788012113E-002
   6.0931515985439429E-004 -0.70106111142162131      -0.70691461527058130        9.3728569652626020E-002
   3.4097552836912702E-004  0.45567581465322032      -0.88519743795509842        9.3728585702835654E-002
   1.6752499979936991E-003  0.36988694981369902       0.15879735624012686       0.91540539872160709     
   9.8397243005335236E-004  -3.6724362598650334E-002  0.40085469962002451       0.91540528236637508     
   1.8041633556337630E-003 -0.39258370485764804        8.8944007984250853E-002  0.91540537365909136     
   1.1472058570929156E-003 -0.20590608444218417      -0.34588408022407724       0.91540531320133389     
   1.2791675944489767E-003  0.26532656041904634      -0.30271233845934725       0.91540540553389338     
   5.2654163863419924E-003  0.88472308212134543      -0.14730519801224820       0.44222872656610568     
   4.1432624291225435E-004  0.41349052353871502       0.79590150779073410       0.44222887382001097     
   7.7496856664522186E-004 -0.62917198545548914       0.63919972602574393       0.44222881290867022     
   1.9927558511527773E-003 -0.80233984591166518      -0.40085461182898030       0.44222884555157949     
   2.8337278518559352E-004  0.13329871762721895      -0.88694141908663238       0.44222886720286553     
   1.9732629947296506E-003  0.57263550703834865      -0.30610327383447056       0.76051913968469764     
   1.2502018747245209E-003  0.46807518405653420       0.45001793612062835       0.76051921687763535     
   7.5764950115860539E-004 -0.28334899556771048       0.58422931454045779       0.76051920077165469     
   3.0012915318875445E-003 -0.64319478356469073       -8.8944002512380757E-002  0.76051918766869275     
   6.0815030837300694E-004 -0.11416693142531931      -0.63919991064798720       0.76051915557501348     
   4.1998872006069185E-003  0.79120148760884490       0.14730519235775907       0.59354981788388628     
   3.8255635302277696E-004  0.10439876712222373       0.79799705358697770       0.59354999780124829     
   2.3416463859050277E-003 -0.72667930086991905       0.34588393941486423       0.59354990872045466     
   9.3531424591076996E-004 -0.55351149586823312      -0.58422903475919086       0.59354987902117806     
   5.6466366991133352E-004  0.38459076780267448      -0.70695725480389815       0.59354981358019598     
   1.7360908086667512E-003  0.93631941636473781       0.30610323044408105       0.17206615835223016     
   1.9475244519024350E-004  -1.7824734620751905E-003  0.98508378422633514       0.17206615251896654     
   1.7468790521538236E-003 -0.93742123839836078       0.30271219022578999       0.17206612591788312     
   3.9131536585484874E-004 -0.57757574874615558      -0.79799717179699903       0.17206617408517177     
   3.9391454077227189E-004  0.58045995290658281      -0.79590166949640706       0.17206619529855266     
   5.0562395952924682E-004  0.70288105218792551       0.70695751429304210        7.8544888183750189E-002
   2.8230590549596180E-004 -0.45515422380392340       0.88694156017899717        7.8544900411767121E-002
   2.0362868230501324E-003 -0.98418195001873021      -0.15879732037844982        7.8544893519270090E-002
   1.9481188645584756E-004 -0.15310329520925500      -0.98508379431798976        7.8544886327119603E-002
   9.5178008007083532E-004  0.88955874091102338      -0.45001772174562449        7.8544869874947826E-002
   2.6075914040107730E-003  0.52330352983362771       0.15983268487777064       0.83702265710578516     
   8.9226798742802018E-004   9.6997331182685272E-003  0.54708219654173340       0.83702269109296346     
   2.5353117386893494E-003 -0.51730874803675986       0.17828273477891576       0.83702265541883092     
   1.3136481105253304E-003 -0.32941435117895007      -0.43689714960076492       0.83702273918220294     
   1.2648292408644110E-003  0.31371952511302037      -0.44829992712604710       0.83702284013140393     
   8.9961267249665869E-003  0.93075176168435936        0.0000000000000000       0.36565168961931749     
   3.4773488185786520E-004  0.28761811365730960       0.88519746636355456       0.36565183746257129     
   1.2719896423974090E-003 -0.75299398534950956       0.54708207618531768       0.36565182885393149     
   1.2719896423985559E-003 -0.75299398534950956      -0.54708207618531768       0.36565182885393149     
   3.4773488185779804E-004  0.28761811365730960      -0.88519746636355456       0.36565183746257129     
   1.3960351738433626E-003  0.14960867037120451        0.0000000000000000       0.98874528861065125     
   1.2894066992684633E-003   4.6231465746486566E-002  0.14228609998880620       0.98874532480558752     
   1.3540389320211513E-003 -0.12103596653663255        8.7937500714349609E-002  0.98874531137834332     
   1.3540389320208029E-003 -0.12103596653663255       -8.7937500714349609E-002  0.98874531137834332     
   1.2894066992694077E-003   4.6231465746486566E-002 -0.14228609998880620       0.98874532480558752     
   1.7974629288166999E-003  0.81582321285258497      -0.41685489920705376       0.40082973739227840     
   7.3290800095905943E-004  0.64855558947844416       0.64707890910904031       0.40082980520729999     
   3.7795049364125553E-004 -0.41499386556817774       0.81677142816232462       0.40082979639549970     
   5.4770669342351251E-003 -0.90503601499947151      -0.14228607325347073       0.40082974554289802     
   2.6275557145883591E-004 -0.14434890385290236      -0.90470927457210237       0.40082979238036415     
   1.8410107946567813E-003  0.72336008118726225      -0.41685496092673158       0.55043812958000149     
   1.0494359740086539E-003  0.61998308398049229       0.55914126966576916       0.55043802206478210     
   4.5394645942491770E-004 -0.34018936353065099       0.76242315995173970       0.55043811832922174     
   5.0095635292397829E-003 -0.83023175417661488       -8.7937510279748388E-002  0.55043821510013280     
   3.6007576246166104E-004 -0.17292197004503973      -0.81677155127087631       0.55043821207317067     
   1.8410107946574728E-003  0.72336008118726225       0.41685496092673158       0.55043812958000149     
   3.6007576246180648E-004 -0.17292197004503973       0.81677155127087631       0.55043821207317067     
   5.0095635292386606E-003 -0.83023175417661488        8.7937510279748388E-002  0.55043821510013280     
   4.5394645942444222E-004 -0.34018936353065099      -0.76242315995173970       0.55043811832922174     
   1.0494359740071159E-003  0.61998308398049229      -0.55914126966576916       0.55043802206478210     
   1.7974629288180352E-003  0.81582321285258497       0.41685489920705376       0.40082973739227840     
   2.6275557145889728E-004 -0.14434890385290236       0.90470927457210237       0.40082979238036415     
   5.4770669342363671E-003 -0.90503601499947151       0.14228607325347073       0.40082974554289802     
   3.7795049364146055E-004 -0.41499386556817774      -0.81677142816232462       0.40082979639549970     
   7.3290800095938014E-004  0.64855558947844416      -0.64707890910904031       0.40082980520729999     
   9.4902696078950932E-004  0.76959148428988067       0.55914133991604598       0.30836651780857627     
   2.6580167000603879E-004 -0.29395789936152494       0.90470925546754233       0.30836652943262943     
   7.9776195133110135E-003 -0.95126761526079939        0.0000000000000000       0.30836654188811002     
   2.6580167000580797E-004 -0.29395789936152494      -0.90470925546754233       0.30836652943262943     
   9.4902696079015312E-004  0.76959148428988067      -0.55914133991604598       0.30836651780857627     
   3.7430181335126695E-003  0.64194017044193874       -8.1960907851663906E-002  0.76236161180709094     
   9.3774397217289698E-004  0.27631970906551928       0.58519422675375543       0.76236155159872854     
   1.5871867554672304E-003 -0.47116559735137620       0.44363057777967690       0.76236139089764432     
   2.4131703117699038E-003 -0.56751605865422139      -0.31101564880721305       0.76236132467918827     
   7.6576108555847903E-004  0.12042108032693785      -0.63584883920868951       0.76236147403305687     
   1.0195705797170832E-002  0.99559196347121193        0.0000000000000000        9.3790416736130311E-002
   2.8204781409520851E-004  0.30765471473896255       0.94686426343767949        9.3790421278018704E-002
   8.8261988440083616E-004 -0.80545093810712831       0.58519410944506334        9.3790407681949364E-002
   8.8261988440083616E-004 -0.80545093810712831      -0.58519410944506334        9.3790407681949364E-002
   2.8204781409520857E-004  0.30765471473896255      -0.94686426343767949        9.3790421278018704E-002
   1.8396295636969751E-003  0.37554596571315152        0.0000000000000000       0.92680376975742629     
   1.1035457442521764E-003  0.11605000826307095       0.35716546090103118       0.92680377055852292     
   1.5010117524068517E-003 -0.30382299209881514       0.22074046345848963       0.92680377495144806     
   1.5010117524068519E-003 -0.30382299209881514      -0.22074046345848963       0.92680377495144806     
   1.1035457442521762E-003  0.11605000826307095      -0.35716546090103118       0.92680377055852292     
   3.7897870993147537E-003  0.92256536660097310      -0.22880229135041646       0.31068095503460030     
   4.0508442316202625E-004  0.50269250162961632       0.80670786072191558       0.31068098791980936     
   5.4395409274621959E-004 -0.61188439928045202       0.72737529984608840       0.31068095385944267     
   2.1096500672813574E-003 -0.88085762482471708      -0.35716544948146312       0.31068100438369628     
   2.3120219941202036E-004   6.7484749383917866E-002 -0.94811559373162224       0.31068091271193837     
   2.9514794610963034E-003  0.69046513587565606      -0.22880231432271642       0.68622692828304299     
   8.7003328797330328E-004  0.43096918157818309       0.58596772697238741       0.68622692127068630     
   8.5204771927795608E-004 -0.42411143692674902       0.59095029189128145       0.68622681496829996     
   3.0027034016232700E-003 -0.69308459764708685      -0.22074044255412548       0.68622692859241863     
   4.8389788072359898E-004  -4.2385422482587040E-003 -0.72737526673374697       0.68622682554940984     
   2.9514794610963043E-003  0.69046513587565606       0.22880231432271642       0.68622692828304299     
   4.8389788072359882E-004  -4.2385422482587040E-003  0.72737526673374697       0.68622682554940984     
   3.0027034016232696E-003 -0.69308459764708685       0.22074044255412548       0.68622692859241863     
   8.5204771927795619E-004 -0.42411143692674902      -0.59095029189128145       0.68622681496829996     
   8.7003328797330339E-004  0.43096918157818309      -0.58596772697238741       0.68622692127068630     
   3.7897870993147537E-003  0.92256536660097310       0.22880229135041646       0.31068095503460030     
   2.3120219941202036E-004   6.7484749383917866E-002  0.94811559373162224       0.31068091271193837     
   2.1096500672813569E-003 -0.88085762482471708       0.35716544948146312       0.31068100438369628     
   5.4395409274621948E-004 -0.61188439928045202      -0.72737529984608840       0.31068095385944267     
   4.0508442316202625E-004  0.50269250162961632      -0.80670786072191558       0.31068098791980936     
   7.1884990380636474E-004  0.80651520541576571       0.58596778917887093        7.8580999471828783E-002
   2.3130370685494356E-004 -0.30806113046697309       0.94811569400495344        7.8580981648971163E-002
   8.0491120800239759E-003 -0.99690773385572240        0.0000000000000000        7.8580978478561034E-002
   2.3130370685494356E-004 -0.30806113046697309      -0.94811569400495344        7.8580981648971163E-002
   7.1884990380636452E-004  0.80651520541576571      -0.58596778917887093        7.8580999471828783E-002
   3.0234525946922510E-003  0.59997150716523295      -0.16184121119172551       0.78348044835201480     
   1.0942255003258542E-003  0.33932126575033184       0.52059506945797640       0.78348060107805939     
   1.2519702594485824E-003 -0.39025988140288864       0.48358636530285298       0.78348034580363202     
   2.7038695199237879E-003 -0.58051507482189024      -0.22172255443119657       0.78348028485791543     
   7.4349694488910257E-004   3.1481406561057294E-002 -0.62061852771080717       0.78348041717901773     
   3.1986495042624404E-003  0.99569760454015122       -7.9925539521675984E-002   4.6884842381879163E-002
   2.9327604580770981E-004  0.38370096207916976       0.92226643886732540        4.6884831646295616E-002
   6.9467939701255144E-004 -0.75855726885502273       0.64991744313698008        4.6884826687308152E-002
   9.4731638411365367E-004 -0.85251556740245715      -0.52059487068786958        4.6884837100568844E-002
   2.4303731066395686E-004  0.23167351568302522      -0.97166310722413685        4.6884839667024260E-002
   1.8440504321679632E-003  0.41031579404012808       -7.9477601426094599E-002  0.90847358796652644     
   1.1008951510494051E-003  0.20238226687665792       0.36567340583052937       0.90847365306989847     
   1.2869547308832923E-003 -0.28523634678491011       0.30547640660645176       0.90847366031140842     
   1.6576005353507492E-003 -0.37866810811272011      -0.17687862400456802       0.90847367395460832     
   9.5450327031394949E-004   5.1206683726032154E-002 -0.41479326304027275       0.90847367847295679     
   2.8674014000449563E-003  0.94553771638809292      -0.23497637038789337       0.22526547060506633     
   3.5542796050854912E-004  0.51566297807611594       0.82664814979264956       0.22526546447704859     
   4.7223724930557718E-004 -0.62684052489147124       0.74587292417581152       0.22526548189904522     
   1.6189349432560725E-003 -0.90307170078985899      -0.36567332418075504       0.22526545055802022     
   2.0322875173957620E-004   6.8711897110607073E-002 -0.97187147525925788       0.22526542294114960     
   3.5327508959903790E-003  0.73373247500577532      -0.15549840709488547       0.66140524681382162     
   6.6615559852569763E-004  0.37462373503203195       0.64976937593835427       0.66140518235294432     
   9.6956286408751821E-004 -0.50220246158509863       0.55707798636959382       0.66140517436762325     
   2.4068968628468447E-003 -0.68500186999661938      -0.30547623605022556       0.66140510075877201     
   4.4389263299224850E-004   7.8847652034752178E-002 -0.74587274162778661       0.66140524723142013     
   2.4369109628832098E-003  0.62434094844913135       0.23497640681972298       0.74497279703874497     
   5.5297534885260461E-004  -3.0543758928131274E-002  0.66639533323523670       0.74497270999200904     
   2.7473263124908644E-003 -0.64321810084632725       0.17687861741282829       0.74497277094251591     
   8.5784576395127516E-004 -0.36698709668596335      -0.55707818916876350       0.74497272568763129     
   9.8415253527977566E-004  0.41640745439304039      -0.52117194739768302       0.74497290767625546     
   5.2730482630098134E-003  0.91971395822499358       0.15549838772423483       0.36048090998176086     
   2.4597062304963210E-004  0.13631948712096470       0.92275158959594050       0.36048093060416136     
   1.7379346911435101E-003 -0.83546392862592811       0.41479323636330823       0.36048106057348239     
   6.7145993199365555E-004 -0.65266430962307631      -0.66639532120881106       0.36048103253186387     
   3.6368141421414007E-004  0.43209532925694594      -0.82664809916013160       0.36048099338144418     
   7.8785911813468456E-004  0.85254719325856820       0.52117176774319895        3.9284497888691511E-002
   2.0315850517626564E-004 -0.23221206722274154       0.97187153697997020        3.9284493688112238E-002
   2.3779293086141468E-003 -0.99606226702735434        7.9477596275060000E-002   3.9284499419819000E-002
   2.4487000281325235E-004 -0.38338761325511655      -0.92275168198310797        3.9284493122482729E-002
   5.8014279886772801E-004  0.75911545696840210      -0.64976953701182050        3.9284497745275766E-002
   4.2510690577630605E-003  0.70997942071834763        8.1915318540016088E-002  0.69944199383860806     
   6.1382183635846747E-004  0.14148938295120128       0.70054391112669889       0.69944190830646980     
   2.3244754183987595E-003 -0.62253436631231540       0.35104447678525624       0.69944173315487079     
   1.4618603161990077E-003 -0.52623706520829294      -0.48358624783797349       0.69944184326000480     
   7.5855541528727229E-004  0.29730190699656112      -0.64991745580306548       0.69944183227676515     
   4.5350792565534296E-003  0.96908167890366514       0.16184116784671423       0.18624751274383586     
   2.4333678463709713E-004  0.14554294715359223       0.97166306313719752       0.18624752956397872     
   1.3906914890201110E-003 -0.87913141862384725       0.43867960745950907       0.18624755243383156     
   6.4111387521914402E-004 -0.68887582022496829      -0.70054404297563488       0.18624754538175528     
   3.5791599826299938E-004  0.45338268638738433      -0.87163983210107621       0.18624753093387975     
   1.5026932448794880E-003  0.29606395217442849       0.16019234453103900       0.94163928814408882     
   1.0803809261489652E-003  -6.0863379738064015E-002  0.33107605688511865       0.94163915252301489     
   1.6593115623659302E-003 -0.33367976651369891        4.4423637571965331E-002  0.94163918453101658     
   1.1544829898760547E-003 -0.14536235600161446      -0.30362072241473670       0.94163912534368144     
   1.3418206354125159E-003  0.24384060841654956      -0.23207165247291439       0.94163926522078401     
   4.1123240285317678E-003  0.85395753006527708      -0.21120417516737552       0.47555160943548480     
   4.9738070700860797E-004  0.46475472611528296       0.74689590111789417       0.47555184517231891     
   6.7182481277370534E-004 -0.56672343341276277       0.67281129326002165       0.47555179915822743     
   2.6257911421054200E-003 -0.81500866208781686      -0.33107601743685849       0.47555183881462981     
   2.8787220827413524E-004   6.3020466606240402E-002 -0.87742738130599496       0.47555190181854601     
   1.7492275660738958E-003  0.58676148064005107      -0.37139692653990092       0.71956604130115154     
   1.3667934351583031E-003  0.53453811853547617       0.44327618310589273       0.71956599789291342     
   6.2623578553111124E-004 -0.25639869200517357       0.64535602873597320       0.71956605458579681     
   3.4499610234099407E-003 -0.69300159771931225       -4.4423633100798027E-002  0.71956606811369750     
   5.5904918962851639E-004 -0.17189971775142421      -0.67281138513390215       0.71956606859355210     
   3.8008147152610396E-003  0.80724765266158138       0.21120415849585830       0.55112977664650187     
   3.3492932279395127E-004   4.8586255284965359E-002  0.83300361315705018       0.55113007200177688     
   2.8047378039934134E-003 -0.77721949016879233       0.30362068196182002       0.55113006231451556     
   7.3740338274926899E-004 -0.52893427374874391      -0.64535591139102921       0.55113000434248072     
   5.8324962826161828E-004  0.45032047022080213      -0.70247218363345276       0.55113002578462766     
   1.4987641430916168E-003  0.90600715404176979       0.37139684646935189       0.20301581036400457     
   1.9906523055474549E-004  -7.3247534723512225E-002  0.97643195918415637       0.20301583125637737     
   2.6660547234432556E-003 -0.95127671762920918       0.23207152939098968       0.20301579185552254     
   3.4483531815731006E-004 -0.51467411848060041      -0.83300366899458000       0.20301585949818080     
   4.6406065095241830E-004  0.63319087190244960      -0.74689614782514369       0.20301592081257241     
   5.2286709154121167E-004  0.69433486736232330       0.70247242871196747       0.15630604231588380     
   2.9105015432411235E-004 -0.45352986177283655       0.87742753672159290       0.15630605325127236     
   3.3237393807408902E-003 -0.97463166656409639      -0.16019226021880478       0.15630596372654029     
   1.9919481553757864E-004 -0.14882577274177444      -0.97643193724551569       0.15630598611308230     
   1.0784453850417662E-003  0.88265212864671960      -0.44327606305531009       0.15630595547706952     
   2.5265634209324802E-003  0.48722485347699701        7.9925543626422471E-002  0.86961132101090977     
   1.0036261000903664E-003   7.4547038863619117E-002  0.48807653608044427       0.86961142697435900     
   2.0888753919029762E-003 -0.44115213454261798       0.22172260046466327       0.86961133998567375     
   1.5390674141915384E-003 -0.34719399514893584      -0.35104468120464666       0.86961138535005889     
   1.1832301735634108E-003  0.22657457782473087      -0.43867969097491366       0.86961145887672109     
   8.2575840172456269E-003  0.94311245899284901       -8.1915288498698322E-002  0.32222472779511618     
   3.6328022772924551E-004  0.36934404565959394       0.87163989775361883       0.32222486648281012     
   9.2473829413569609E-004 -0.71484521817776625       0.62061857917498764       0.32222491094141303     
   1.4906710835569696E-003 -0.81114266456636819      -0.48807651312253592       0.32222491377657198     
   2.9597539372152768E-004  0.21353174618181608      -0.92226643297398991       0.32222479727975262     
   1.3979587802036380E-003  0.18622503009920907       -8.0859830738808175E-002  0.97917410399654659     
   1.3097446364175374E-003  0.13444901736315892       0.15212351878627259       0.97917408909864623     
   1.2708558734084924E-003 -0.10313117360929130       0.17487725435926574       0.97917409429464330     
   1.4251454744909494E-003 -0.19818766580185351       -4.4043225032841429E-002  0.97917406187700828     
   1.2212913813206704E-003  -1.9355870408746582E-002 -0.20209771306771052       0.97917407270286783     
   1.5427456957601724E-003  0.84659703004711173      -0.42705400441611974       0.31764500000404017     
   6.3140489271260589E-004  0.66776505446946410       0.67319489541731392       0.31764518698300032     
   3.3620759573501334E-004 -0.43389578738209883       0.84311090604770988       0.31764515704710217     
   5.2305991748237543E-003 -0.93592738895905903      -0.15212346107763711       0.31764504590192943     
   2.3031395012881786E-004 -0.14453924601561416      -0.93712858458187220       0.31764512009601970     
   2.4190405432832308E-003  0.77401421074848742      -0.34619398949535046       0.53014311576845863     
   7.8804845613748853E-004  0.56843341090631239       0.62915154507211590       0.53014317943248579     
   5.0946900024328708E-004 -0.42270290001738592       0.73503092065974385       0.53014319196890680     
   4.2903798965305273E-003 -0.82967832231857208      -0.17487724739183969       0.53014321632865691     
   3.2209187000286856E-004  -9.0066243291850215E-002 -0.84311100772761838       0.53014328296019464     
   1.6681093157470952E-003  0.66272001563602789       0.42705410344879491       0.61516418426541131     
   4.2923465858149226E-004 -0.20136073069132224       0.76225106468697590       0.61516434431705203     
   4.4985373198602177E-003 -0.78716767678925570        4.4043229052004883E-002  0.61516440289802088     
   4.8199453809331878E-004 -0.28513599938911077      -0.73503087020453106       0.61516427212472513     
   1.2686414972091658E-003  0.61094396821097485      -0.49831772308246247       0.61516413628277911     
   2.4462532717670848E-003  0.82032409646349214       0.34619392738059390       0.45521219382410588     
   2.7589818697157988E-004  -7.5755476736237198E-002  0.88715436497832023       0.45521230260657358     
   4.2727610444684445E-003 -0.86714376641297419       0.20209767273696969       0.45521227910220285     
   4.6500928358271835E-004 -0.46016850302395551      -0.76225104906294072       0.45521235377254210     
   6.6405747708580480E-004  0.58274386765310737      -0.67319483525167256       0.45521236637768420     
   1.1053679921287712E-003  0.82344200199583140       0.49831773774154292       0.27133503570539513     
   2.3106243967948464E-004 -0.21947043521742332       0.93712859134919679       0.27133509050866417     
   6.9708454968727129E-003 -0.95908236117118295        8.0859809696788840E-002  0.27133506162327747     
   2.8195667123056075E-004 -0.37327528612250110      -0.88715434744167065       0.27133507805941426     
   7.1182598811401284E-004  0.72838550698716531      -0.62915164567518500       0.27133514323665581     
   3.7430181335126695E-003  0.64194017044193874        8.1960907851663906E-002  0.76236161180709094     
   7.6576108555847892E-004  0.12042108032693785       0.63584883920868951       0.76236147403305687     
   2.4131703117699038E-003 -0.56751605865422139       0.31101564880721305       0.76236132467918827     
   1.5871867554672306E-003 -0.47116559735137620      -0.44363057777967690       0.76236139089764432     
   9.3774397217289687E-004  0.27631970906551928      -0.58519422675375543       0.76236155159872854     
   8.6428910685013797E-003  0.96896137504283442        8.1960870498359942E-002  0.23323007821087469     
   2.8312824905073268E-004  0.22147630322759890       0.94686426811708024       0.23323015429344199     
   1.3075009542223778E-003 -0.83208159488726263       0.50323342937226323       0.23323021890848689     
   8.5857819538236483E-004 -0.73573085796863791      -0.63584888010617358       0.23323015735632613     
   3.4564551594799207E-004  0.37737496482843924      -0.89620969568934461       0.23323018087963338     
   1.5741530200130260E-003  0.26186893728915506        8.0891012344599431E-002  0.96170749389037957     
   1.1998605131195888E-003   3.9899452499377258E-003  0.27404920207528838       0.96170739582203502     
   1.5665031735559143E-003 -0.25940334796911246        8.8480428551303211E-002  0.96170739667832095     
   1.3319497389132854E-003 -0.16431014573410807      -0.21936503402525251       0.96170741801024706     
   1.3219606400168972E-003  0.15785362641103751      -0.22405595294352482       0.96170742046604474     
   3.2857804298700001E-003  0.85842365064385862      -0.28493815779741771       0.42651973254034159     
   5.6057727502701639E-004  0.53625969647159122       0.72835860195947455       0.42651997009734072     
   5.4634680452391403E-004 -0.52699696338675428       0.73508839437792828       0.42651993274877475     
   3.4366588872926235E-003 -0.86196161410651972      -0.27404915041985839       0.42651991625366914     
   2.7233019711876455E-004  -5.7244408554083344E-003 -0.90446006408398960       0.42651989784074346     
   2.0569744775677241E-003  0.65405261755200783      -0.36582933242809990       0.66210578687138633     
   1.2181392538474112E-003  0.55003724620980221       0.50899417991066298       0.66210569594212754     
   6.0953780354027311E-004 -0.31411089874664544       0.68040456783416858       0.66210570708835681     
   4.0533043343526443E-003 -0.74416864217929879       -8.8480443606409331E-002  0.66210591531584406     
   4.8371198467258306E-004 -0.14581084928396404      -0.73508850211847909       0.66210579991743013     
   3.0398181401102686E-003  0.76538965519782531       0.28493819366811990       0.57705190538226547     
   3.6954857808887243E-004  -3.4473795975010400E-002  0.81597940837866612       0.57705213152112644     
   3.7193055452377239E-003 -0.78669547443656695       0.21936502450862033       0.57705217833689626     
   6.5710426020583446E-004 -0.45173067834408226      -0.68040451816691327       0.57705206515603591     
   7.7776341888014921E-004  0.50751059000353005      -0.63987805528276265       0.57705205605891274     
   1.9606760894140918E-003  0.88470668574532663       0.36582922193671980       0.28889974138910940     
   2.2630712958042576E-004  -7.4534498552254275E-002  0.95445353817434286       0.28889972653507690     
   3.7339622552472452E-003 -0.93077169926700520       0.22405583115818772       0.28889968564819379     
   3.9072143230323007E-004 -0.50071414209974141      -0.81597932948735485       0.28889977803848621     
   5.3766513973386499E-004  0.62131343422323071      -0.72835875557126917       0.28889987822151675     
   6.7888889378151396E-004  0.74309655163327160       0.63987822831555474       0.19586568836446921     
   2.7592340540668161E-004 -0.37893069198435003       0.90446015700887317       0.19586565563096067     
   6.9103085500210586E-003 -0.97728875560756945       -8.0890975880211088E-002  0.19586561256166307     
   2.2704974303612289E-004 -0.22506697417768190      -0.95445352034563136       0.19586560349978302     
   1.0017717751769283E-003  0.83818949764636808      -0.50899412703555313       0.19586562914060301     
   2.5265634209324789E-003  0.48722485347699701       -7.9925543626422471E-002  0.86961132101090977     
   1.1832301735634108E-003  0.22657457782473087       0.43867969097491366       0.86961145887672109     
   1.5390674141915384E-003 -0.34719399514893584       0.35104468120464666       0.86961138535005889     
   2.0888753919029767E-003 -0.44115213454261798      -0.22172260046466327       0.86961133998567375     
   1.0036261000903666E-003   7.4547038863619117E-002 -0.48807653608044427       0.86961142697435900     
   4.5350792565534296E-003  0.96908167890366514      -0.16184116784671423       0.18624751274383586     
   3.5791599826299949E-004  0.45338268638738433       0.87163983210107621       0.18624753093387975     
   6.4111387521914424E-004 -0.68887582022496829       0.70054404297563488       0.18624754538175528     
   1.3906914890201110E-003 -0.87913141862384725      -0.43867960745950907       0.18624755243383156     
   2.4333678463709713E-004  0.14554294715359223      -0.97166306313719752       0.18624752956397872     
   1.5026932448794880E-003  0.29606395217442849      -0.16019234453103900       0.94163928814408882     
   1.3418206354125159E-003  0.24384060841654956       0.23207165247291439       0.94163926522078401     
   1.1544829898760545E-003 -0.14536235600161446       0.30362072241473670       0.94163912534368144     
   1.6593115623659304E-003 -0.33367976651369891       -4.4423637571965331E-002  0.94163918453101658     
   1.0803809261489656E-003  -6.0863379738064015E-002 -0.33107605688511865       0.94163915252301489     
   1.4987641430916165E-003  0.90600715404176979      -0.37139684646935189       0.20301581036400457     
   4.6406065095241830E-004  0.63319087190244960       0.74689614782514369       0.20301592081257241     
   3.4483531815731006E-004 -0.51467411848060041       0.83300366899458000       0.20301585949818080     
   2.6660547234432564E-003 -0.95127671762920918      -0.23207152939098968       0.20301579185552254     
   1.9906523055474552E-004  -7.3247534723512225E-002 -0.97643195918415637       0.20301583125637737     
   3.8008147152610396E-003  0.80724765266158138      -0.21120415849585830       0.55112977664650187     
   5.8324962826161828E-004  0.45032047022080213       0.70247218363345276       0.55113002578462766     
   7.3740338274926910E-004 -0.52893427374874391       0.64535591139102921       0.55113000434248072     
   2.8047378039934138E-003 -0.77721949016879233      -0.30362068196182002       0.55113006231451556     
   3.3492932279395127E-004   4.8586255284965359E-002 -0.83300361315705018       0.55113007200177688     
   1.7492275660738956E-003  0.58676148064005107       0.37139692653990092       0.71956604130115154     
   5.5904918962851606E-004 -0.17189971775142421       0.67281138513390215       0.71956606859355210     
   3.4499610234099399E-003 -0.69300159771931225        4.4423633100798027E-002  0.71956606811369750     
   6.2623578553111145E-004 -0.25639869200517357      -0.64535602873597320       0.71956605458579681     
   1.3667934351583027E-003  0.53453811853547617      -0.44327618310589273       0.71956599789291342     
   4.1123240285317686E-003  0.85395753006527708       0.21120417516737552       0.47555160943548480     
   2.8787220827413529E-004   6.3020466606240402E-002  0.87742738130599496       0.47555190181854601     
   2.6257911421054192E-003 -0.81500866208781686       0.33107601743685849       0.47555183881462981     
   6.7182481277370545E-004 -0.56672343341276277      -0.67281129326002165       0.47555179915822743     
   4.9738070700860808E-004  0.46475472611528296      -0.74689590111789417       0.47555184517231891     
   1.0784453850417666E-003  0.88265212864671960       0.44327606305531009       0.15630595547706952     
   1.9919481553757861E-004 -0.14882577274177444       0.97643193724551569       0.15630598611308230     
   3.3237393807408907E-003 -0.97463166656409639       0.16019226021880478       0.15630596372654029     
   2.9105015432411230E-004 -0.45352986177283655      -0.87742753672159290       0.15630605325127236     
   5.2286709154121167E-004  0.69433486736232330      -0.70247242871196747       0.15630604231588380     
   4.2510690577630605E-003  0.70997942071834763       -8.1915318540016088E-002  0.69944199383860806     
   7.5855541528727229E-004  0.29730190699656112       0.64991745580306548       0.69944183227676515     
   1.4618603161990077E-003 -0.52623706520829294       0.48358624783797349       0.69944184326000480     
   2.3244754183987595E-003 -0.62253436631231540      -0.35104447678525624       0.69944173315487079     
   6.1382183635846758E-004  0.14148938295120128      -0.70054391112669889       0.69944190830646980     
   3.1986495042624404E-003  0.99569760454015122        7.9925539521675984E-002   4.6884842381879163E-002
   2.4303731066395681E-004  0.23167351568302522       0.97166310722413685        4.6884839667024260E-002
   9.4731638411365367E-004 -0.85251556740245715       0.52059487068786958        4.6884837100568844E-002
   6.9467939701255122E-004 -0.75855726885502273      -0.64991744313698008        4.6884826687308152E-002
   2.9327604580770981E-004  0.38370096207916976      -0.92226643886732540        4.6884831646295616E-002
   1.8440504321679632E-003  0.41031579404012808        7.9477601426094599E-002  0.90847358796652644     
   9.5450327031394928E-004   5.1206683726032154E-002  0.41479326304027275       0.90847367847295679     
   1.6576005353507494E-003 -0.37866810811272011       0.17687862400456802       0.90847367395460832     
   1.2869547308832923E-003 -0.28523634678491011      -0.30547640660645176       0.90847366031140842     
   1.1008951510494051E-003  0.20238226687665792      -0.36567340583052937       0.90847365306989847     
   5.2730482630098134E-003  0.91971395822499358      -0.15549838772423483       0.36048090998176086     
   3.6368141421414012E-004  0.43209532925694594       0.82664809916013160       0.36048099338144418     
   6.7145993199365533E-004 -0.65266430962307631       0.66639532120881106       0.36048103253186387     
   1.7379346911435103E-003 -0.83546392862592811      -0.41479323636330823       0.36048106057348239     
   2.4597062304963216E-004  0.13631948712096470      -0.92275158959594050       0.36048093060416136     
   2.4369109628832094E-003  0.62434094844913135      -0.23497640681972298       0.74497279703874497     
   9.8415253527977587E-004  0.41640745439304039       0.52117194739768302       0.74497290767625546     
   8.5784576395127494E-004 -0.36698709668596335       0.55707818916876350       0.74497272568763129     
   2.7473263124908644E-003 -0.64321810084632725      -0.17687861741282829       0.74497277094251591     
   5.5297534885260450E-004  -3.0543758928131274E-002 -0.66639533323523670       0.74497270999200904     
   3.5327508959903790E-003  0.73373247500577532       0.15549840709488547       0.66140524681382162     
   4.4389263299224850E-004   7.8847652034752178E-002  0.74587274162778661       0.66140524723142013     
   2.4068968628468443E-003 -0.68500186999661938       0.30547623605022556       0.66140510075877201     
   9.6956286408751821E-004 -0.50220246158509863      -0.55707798636959382       0.66140517436762325     
   6.6615559852569773E-004  0.37462373503203195      -0.64976937593835427       0.66140518235294432     
   2.8674014000449550E-003  0.94553771638809292       0.23497637038789337       0.22526547060506633     
   2.0322875173957615E-004   6.8711897110607073E-002  0.97187147525925788       0.22526542294114960     
   1.6189349432560727E-003 -0.90307170078985899       0.36567332418075504       0.22526545055802022     
   4.7223724930557729E-004 -0.62684052489147124      -0.74587292417581152       0.22526548189904522     
   3.5542796050854917E-004  0.51566297807611594      -0.82664814979264956       0.22526546447704859     
   5.8014279886772812E-004  0.75911545696840210       0.64976953701182050        3.9284497745275766E-002
   2.4487000281325235E-004 -0.38338761325511655       0.92275168198310797        3.9284493122482729E-002
   2.3779293086141477E-003 -0.99606226702735434       -7.9477596275060000E-002   3.9284499419819000E-002
   2.0315850517626570E-004 -0.23221206722274154      -0.97187153697997020        3.9284493688112238E-002
   7.8785911813468435E-004  0.85254719325856820      -0.52117176774319895        3.9284497888691511E-002
   3.0234525946922510E-003  0.59997150716523295       0.16184121119172551       0.78348044835201480     
   7.4349694488910247E-004   3.1481406561057294E-002  0.62061852771080717       0.78348041717901773     
   2.7038695199237879E-003 -0.58051507482189024       0.22172255443119657       0.78348028485791543     
   1.2519702594485827E-003 -0.39025988140288864      -0.48358636530285298       0.78348034580363202     
   1.0942255003258542E-003  0.33932126575033184      -0.52059506945797640       0.78348060107805939     
   8.2575840172456269E-003  0.94311245899284901        8.1915288498698322E-002  0.32222472779511618     
   2.9597539372152768E-004  0.21353174618181608       0.92226643297398991       0.32222479727975262     
   1.4906710835569693E-003 -0.81114266456636819       0.48807651312253592       0.32222491377657198     
   9.2473829413569587E-004 -0.71484521817776625      -0.62061857917498764       0.32222491094141303     
   3.6328022772924551E-004  0.36934404565959394      -0.87163989775361883       0.32222486648281012     
   1.3979587802036382E-003  0.18622503009920907        8.0859830738808175E-002  0.97917410399654659     
   1.2212913813206704E-003  -1.9355870408746582E-002  0.20209771306771052       0.97917407270286783     
   1.4251454744909492E-003 -0.19818766580185351        4.4043225032841429E-002  0.97917406187700828     
   1.2708558734084927E-003 -0.10313117360929130      -0.17487725435926574       0.97917409429464330     
   1.3097446364175372E-003  0.13444901736315892      -0.15212351878627259       0.97917408909864623     
   2.4462532717670856E-003  0.82032409646349214      -0.34619392738059390       0.45521219382410588     
   6.6405747708580512E-004  0.58274386765310737       0.67319483525167256       0.45521236637768420     
   4.6500928358271835E-004 -0.46016850302395551       0.76225104906294072       0.45521235377254210     
   4.2727610444684427E-003 -0.86714376641297419      -0.20209767273696969       0.45521227910220285     
   2.7589818697157988E-004  -7.5755476736237198E-002 -0.88715436497832023       0.45521230260657358     
   1.6681093157470950E-003  0.66272001563602789      -0.42705410344879491       0.61516418426541131     
   1.2686414972091656E-003  0.61094396821097485       0.49831772308246247       0.61516413628277911     
   4.8199453809331878E-004 -0.28513599938911077       0.73503087020453106       0.61516427212472513     
   4.4985373198602185E-003 -0.78716767678925570       -4.4043229052004883E-002  0.61516440289802088     
   4.2923465858149231E-004 -0.20136073069132224      -0.76225106468697590       0.61516434431705203     
   2.4190405432832304E-003  0.77401421074848742       0.34619398949535046       0.53014311576845863     
   3.2209187000286862E-004  -9.0066243291850215E-002  0.84311100772761838       0.53014328296019464     
   4.2903798965305256E-003 -0.82967832231857208       0.17487724739183969       0.53014321632865691     
   5.0946900024328708E-004 -0.42270290001738592      -0.73503092065974385       0.53014319196890680     
   7.8804845613748853E-004  0.56843341090631239      -0.62915154507211590       0.53014317943248579     
   1.5427456957601727E-003  0.84659703004711173       0.42705400441611974       0.31764500000404017     
   2.3031395012881791E-004 -0.14453924601561416       0.93712858458187220       0.31764512009601970     
   5.2305991748237534E-003 -0.93592738895905903       0.15212346107763711       0.31764504590192943     
   3.3620759573501323E-004 -0.43389578738209883      -0.84311090604770988       0.31764515704710217     
   6.3140489271260600E-004  0.66776505446946410      -0.67319489541731392       0.31764518698300032     
   7.1182598811401262E-004  0.72838550698716531       0.62915164567518500       0.27133514323665581     
   2.8195667123056081E-004 -0.37327528612250110       0.88715434744167065       0.27133507805941426     
   6.9708454968727121E-003 -0.95908236117118295       -8.0859809696788840E-002  0.27133506162327747     
   2.3106243967948464E-004 -0.21947043521742332      -0.93712859134919679       0.27133509050866417     
   1.1053679921287716E-003  0.82344200199583140      -0.49831773774154292       0.27133503570539513     
   2.9428191191231945E-003  0.52913111599085838        0.0000000000000000       0.84854007689104993     
   1.0582779563474351E-003  0.16351067051309645       0.50323343064938786       0.84854014336695072     
   1.9193111704863017E-003 -0.42807614322648369       0.31101573740526561       0.84853993818004692     
   1.9193111704863017E-003 -0.42807614322648369      -0.31101573740526561       0.84853993818004692     
   1.0582779563474353E-003  0.16351067051309645      -0.50323343064938786       0.84854014336695072     
   8.6428910685013797E-003  0.96896137504283442       -8.1960870498359942E-002  0.23323007821087469     
   3.4564551594799201E-004  0.37737496482843924       0.89620969568934461       0.23323018087963338     
   8.5857819538236494E-004 -0.73573085796863791       0.63584888010617358       0.23323015735632613     
   1.3075009542223780E-003 -0.83208159488726263      -0.50323342937226323       0.23323021890848689     
   2.8312824905073268E-004  0.22147630322759890      -0.94686426811708024       0.23323015429344199     
   1.5741530200130260E-003  0.26186893728915506       -8.0891012344599431E-002  0.96170749389037957     
   1.3219606400168972E-003  0.15785362641103751       0.22405595294352482       0.96170742046604474     
   1.3319497389132856E-003 -0.16431014573410807       0.21936503402525251       0.96170741801024706     
   1.5665031735559141E-003 -0.25940334796911246       -8.8480428551303211E-002  0.96170739667832095     
   1.1998605131195886E-003   3.9899452499377258E-003 -0.27404920207528838       0.96170739582203502     
   1.9606760894140913E-003  0.88470668574532663      -0.36582922193671980       0.28889974138910940     
   5.3766513973386499E-004  0.62131343422323071       0.72835875557126917       0.28889987822151675     
   3.9072143230322996E-004 -0.50071414209974141       0.81597932948735485       0.28889977803848621     
   3.7339622552472452E-003 -0.93077169926700520      -0.22405583115818772       0.28889968564819379     
   2.2630712958042582E-004  -7.4534498552254275E-002 -0.95445353817434286       0.28889972653507690     
   3.0398181401102681E-003  0.76538965519782531      -0.28493819366811990       0.57705190538226547     
   7.7776341888014910E-004  0.50751059000353005       0.63987805528276265       0.57705205605891274     
   6.5710426020583446E-004 -0.45173067834408226       0.68040451816691327       0.57705206515603591     
   3.7193055452377239E-003 -0.78669547443656695      -0.21936502450862033       0.57705217833689626     
   3.6954857808887238E-004  -3.4473795975010400E-002 -0.81597940837866612       0.57705213152112644     
   2.0569744775677246E-003  0.65405261755200783       0.36582933242809990       0.66210578687138633     
   4.8371198467258306E-004 -0.14581084928396404       0.73508850211847909       0.66210579991743013     
   4.0533043343526443E-003 -0.74416864217929879        8.8480443606409331E-002  0.66210591531584406     
   6.0953780354027290E-004 -0.31411089874664544      -0.68040456783416858       0.66210570708835681     
   1.2181392538474108E-003  0.55003724620980221      -0.50899417991066298       0.66210569594212754     
   3.2857804298700006E-003  0.85842365064385862       0.28493815779741771       0.42651973254034159     
   2.7233019711876450E-004  -5.7244408554083344E-003  0.90446006408398960       0.42651989784074346     
   3.4366588872926239E-003 -0.86196161410651972       0.27404915041985839       0.42651991625366914     
   5.4634680452391403E-004 -0.52699696338675428      -0.73508839437792828       0.42651993274877475     
   5.6057727502701639E-004  0.53625969647159122      -0.72835860195947455       0.42651997009734072     
   1.0017717751769283E-003  0.83818949764636808       0.50899412703555313       0.19586562914060301     
   2.2704974303612300E-004 -0.22506697417768190       0.95445352034563136       0.19586560349978302     
   6.9103085500210604E-003 -0.97728875560756945        8.0890975880211088E-002  0.19586561256166307     
   2.7592340540668166E-004 -0.37893069198435003      -0.90446015700887317       0.19586565563096067     
   6.7888889378151396E-004  0.74309655163327160      -0.63987822831555474       0.19586568836446921     
   2.1771950439388099E-003  0.47600146596965831      -0.23571066979093405       0.84726801222602843     
   1.5080533019793416E-003  0.37126660140698037       0.37986546866621101       0.84726816085269607     
   1.1281697719063156E-003 -0.24654606098235890       0.47048039679086184       0.84726810163583766     
   2.7024048918915344E-003 -0.52364053971492142       -8.9092484822248269E-002  0.84726802979651195     
   9.2969417642281961E-004  -7.7081787724731454E-002 -0.52554291156289923       0.84726798954471894     
   1.5846284560733102E-003  0.97069389342932033      -0.23571064289137791        4.6838638822672543E-002
   3.7852306272644992E-004  0.52413485782229230       0.85034627825792020        4.6838636492847904E-002
   5.0524621444838602E-004 -0.64676051741244411       0.76125355484410206        4.6838641671223986E-002
   1.2436522970701489E-003 -0.92385526794557904      -0.37986522264319539        4.6838622048883068E-002
   2.2051331132320447E-004   7.5786626255470030E-002 -0.99602335731693092        4.6838648143633609E-002
   1.6130631355782677E-003  0.39921932410373068      -0.23502359223032421       0.88622110241029284     
   1.3750990261555548E-003  0.34688626410330309       0.30705378668456235       0.88622113033888150     
   9.8753394486540929E-004 -0.18483186738651253       0.42479350584276504       0.88622099850558012     
   2.0342854577770019E-003 -0.46111874760671329       -4.4516977239206106E-002  0.88622104429036219     
   9.0434969535058574E-004 -0.10015556928875978      -0.45230668004216251       0.88622092568934607     
   1.2874218605521818E-003  0.94726196185276712      -0.30868681532810327        8.6065240773730914E-002
   3.6967638925628410E-004  0.58629853110328733       0.80551027353824589        8.6065275520780374E-002
   3.6862419509540377E-004 -0.58490964904243159       0.80651935410366926        8.6065288666568249E-002
   1.2834406352155775E-003 -0.94779261378949409      -0.30705363448185996        8.6065247327588995E-002
   1.8435072083697437E-004  -8.5841880083847508E-004 -0.99628913081194159        8.6065271411576799E-002
   5.0051267376248999E-003  0.82409008917049276       -7.3662680579262785E-002  0.56164876428320110     
   4.5440394361073087E-004  0.32471574961392080       0.76099301050510260       0.56164875136961723     
   1.1088276901171602E-003 -0.62340503846186179       0.54398232868388130       0.56164880850939791     
   1.7747384877610612E-003 -0.71000085017296310      -0.42479337669447376       0.56164880474383316     
   3.7375945896960628E-004  0.18460035058337099      -0.80651918134090861       0.56164893010998185     
   1.7149537479263757E-003  0.50060756053626421       0.30868690842379182       0.80876724890520402     
   7.1613836078453740E-004 -0.13888206779696627       0.57149563378026580       0.80876727914433533     
   2.6397319139623539E-003 -0.58644165977042839        4.4516968045156632E-002  0.80876722191355632     
   7.9499094519616025E-004 -0.22355869097829922      -0.54398247323321514       0.80876732160933884     
   1.3929428001445070E-003  0.44827456977962221      -0.38071679601171771       0.80876735302772129     
   5.7867075602771288E-003  0.87089823047017256        7.3662676636139970E-002  0.48591159919755117     
   3.2174483740822870E-004  0.19906497211525645       0.85103639409670584       0.48591171296813657     
   1.6224233671579490E-003 -0.74786933098167585       0.45230662085636963       0.48591170443457421     
   1.0093060474124975E-003 -0.66127350355149406      -0.57149555694408105       0.48591170174621923     
   3.9002266741919680E-004  0.33918013768182842      -0.80551016315778479       0.48591173195515142     
   1.0281218202320764E-003  0.92385807629930272       0.38071657791713848        3.9257383453497691E-002
   1.8435113883822371E-004  -7.6595242030268421E-002  0.99628912732046149        3.9257402886052457E-002
   1.2902923910064418E-003 -0.97119657899113199       0.23502353384561153        3.9257400507960477E-002
   3.1585938704925369E-004 -0.52363701852202582      -0.85103650282643772        3.9257403000074270E-002
   4.2271684591453125E-004  0.64757098588437545      -0.76099321596162239        3.9257400590531219E-002
   5.7174052011060069E-003  0.80042917994281759        0.0000000000000000       0.59942733329075715     
   5.2777033737556509E-004  0.24734636001019944       0.76125336853580250       0.59942729924703830     
   1.7311420833193785E-003 -0.64756105441407785       0.47048019420649828       0.59942728305069948     
   1.7311420833193783E-003 -0.64756105441407785      -0.47048019420649828       0.59942728305069948     
   5.2777033737556520E-004  0.24734636001019944      -0.76125336853580250       0.59942729924703830     
   1.5846284560733107E-003  0.97069389342932033       0.23571064289137791        4.6838638822672543E-002
   2.2051331132320447E-004   7.5786626255470030E-002  0.99602335731693092        4.6838648143633609E-002
   1.2436522970701487E-003 -0.92385526794557904       0.37986522264319539        4.6838622048883068E-002
   5.0524621444838591E-004 -0.64676051741244411      -0.76125355484410206        4.6838641671223986E-002
   3.7852306272644992E-004  0.52413485782229230      -0.85034627825792020        4.6838636492847904E-002
   1.6130631355782670E-003  0.39921932410373068       0.23502359223032421       0.88622110241029284     
   9.0434969535058563E-004 -0.10015556928875978       0.45230668004216251       0.88622092568934607     
   2.0342854577770019E-003 -0.46111874760671329        4.4516977239206106E-002  0.88622104429036219     
   9.8753394486540886E-004 -0.18483186738651253      -0.42479350584276504       0.88622099850558012     
   1.3750990261555557E-003  0.34688626410330309      -0.30705378668456235       0.88622113033888150     
   5.7867075602771288E-003  0.87089823047017256       -7.3662676636139970E-002  0.48591159919755117     
   3.9002266741919680E-004  0.33918013768182842       0.80551016315778479       0.48591173195515142     
   1.0093060474124975E-003 -0.66127350355149406       0.57149555694408105       0.48591170174621923     
   1.6224233671579488E-003 -0.74786933098167585      -0.45230662085636963       0.48591170443457421     
   3.2174483740822870E-004  0.19906497211525645      -0.85103639409670584       0.48591171296813657     
   1.7149537479263760E-003  0.50060756053626421      -0.30868690842379182       0.80876724890520402     
   1.3929428001445070E-003  0.44827456977962221       0.38071679601171771       0.80876735302772129     
   7.9499094519616025E-004 -0.22355869097829922       0.54398247323321514       0.80876732160933884     
   2.6397319139623539E-003 -0.58644165977042839       -4.4516968045156632E-002  0.80876722191355632     
   7.1613836078453729E-004 -0.13888206779696627      -0.57149563378026580       0.80876727914433533     
   5.0051267376248999E-003  0.82409008917049276        7.3662680579262785E-002  0.56164876428320110     
   3.7375945896960623E-004  0.18460035058337099       0.80651918134090861       0.56164893010998185     
   1.7747384877610615E-003 -0.71000085017296310       0.42479337669447376       0.56164880474383316     
   1.1088276901171602E-003 -0.62340503846186179      -0.54398232868388130       0.56164880850939791     
   4.5440394361073093E-004  0.32471574961392080      -0.76099301050510260       0.56164875136961723     
   1.2874218605521820E-003  0.94726196185276712       0.30868681532810327        8.6065240773730914E-002
   1.8435072083697440E-004  -8.5841880083847508E-004  0.99628913081194159        8.6065271411576799E-002
   1.2834406352155775E-003 -0.94779261378949409       0.30705363448185996        8.6065247327588995E-002
   3.6862419509540360E-004 -0.58490964904243159      -0.80651935410366926        8.6065288666568249E-002
   3.6967638925628410E-004  0.58629853110328733      -0.80551027353824589        8.6065275520780374E-002
   4.2271684591453125E-004  0.64757098588437545       0.76099321596162239        3.9257400590531219E-002
   3.1585938704925364E-004 -0.52363701852202582       0.85103650282643772        3.9257403000074270E-002
   1.2902923910064420E-003 -0.97119657899113199      -0.23502353384561153        3.9257400507960477E-002
   1.8435113883822368E-004  -7.6595242030268421E-002 -0.99628912732046149        3.9257402886052457E-002
   1.0281218202320764E-003  0.92385807629930272      -0.38071657791713848        3.9257383453497691E-002
   2.1771950439388103E-003  0.47600146596965831       0.23571066979093405       0.84726801222602843     
   9.2969417642281961E-004  -7.7081787724731454E-002  0.52554291156289923       0.84726798954471894     
   2.7024048918915335E-003 -0.52364053971492142        8.9092484822248269E-002  0.84726802979651195     
   1.1281697719063160E-003 -0.24654606098235890      -0.47048039679086184       0.84726810163583766     
   1.5080533019793414E-003  0.37126660140698037      -0.37986546866621101       0.84726816085269607     
   7.7905180556683100E-003  0.89410700422234346        0.0000000000000000       0.44785339677236596     
   3.9063851336350157E-004  0.27629434837161926       0.85034622981824304       0.44785346095771350     
   1.4361927158705037E-003 -0.72334777123993710       0.52554282867587820       0.44785347723286911     
   1.4361927158705039E-003 -0.72334777123993710      -0.52554282867587820       0.44785347723286911     
   3.9063851336350162E-004  0.27629434837161926      -0.85034622981824304       0.44785346095771350     
   1.3321824530407374E-003   7.4672235979725221E-002   0.0000000000000000       0.99720813132153530     
   1.3075411475702329E-003   2.3074890687031280E-002   7.1017108138818008E-002  0.99720816270795787     
   1.3227642965675480E-003  -6.0411006473622061E-002   4.3890997843072134E-002  0.99720814808403135     
   1.3227642965675480E-003  -6.0411006473622061E-002  -4.3890997843072134E-002  0.99720814808403135     
   1.3075411475702331E-003   2.3074890687031280E-002  -7.1017108138818008E-002  0.99720816270795787     
   1.4427785691331313E-003  0.77167799082993971      -0.47287465147178487       0.42532651276884381     
   9.1838029240485510E-004  0.68819211062665253       0.58778310078314067       0.42532651610849459     
   3.4379756818557608E-004 -0.34635182094808503       0.83614458652659196       0.42532651756999595     
   6.3155425372109037E-003 -0.90224936945489842       -7.1017106707124841E-002  0.42532651677644923     
   2.8605031622978616E-004 -0.21126860857440921      -0.88003572286925758       0.42532658217541075     
   1.4761649935963047E-003  0.72552820199997192      -0.47287463759990872       0.49999840521489958     
   1.1122475075012155E-003  0.67393110697355696       0.54389201091791961       0.49999834351031380     
   3.7687859899400108E-004 -0.30901570146765073       0.80901846229429253       0.49999842391095023     
   5.7466620338007474E-003 -0.86491334787151219       -4.3891002515584955E-002  0.49999848056956075     
   3.3608923146965326E-004 -0.22552981852271645      -0.83614463315121101       0.49999845340714533     
   1.4761649935963049E-003  0.72552820199997192       0.47287463759990872       0.49999840521489958     
   3.3608923146965331E-004 -0.22552981852271645       0.83614463315121101       0.49999845340714533     
   5.7466620338007474E-003 -0.86491334787151219        4.3891002515584955E-002  0.49999848056956075     
   3.7687859899400113E-004 -0.30901570146765073      -0.80901846229429253       0.49999842391095023     
   1.1122475075012158E-003  0.67393110697355696      -0.54389201091791961       0.49999834351031380     
   1.4427785691331313E-003  0.77167799082993971       0.47287465147178487       0.42532651276884381     
   2.8605031622978616E-004 -0.21126860857440921       0.88003572286925758       0.42532658217541075     
   6.3155425372109029E-003 -0.90224936945489842        7.1017106707124841E-002  0.42532651677644923     
   3.4379756818557608E-004 -0.34635182094808503      -0.83614458652659196       0.42532651756999595     
   9.1838029240485510E-004  0.68819211062665253      -0.58778310078314067       0.42532651610849459     
   1.0594276453359214E-003  0.74860302532367440       0.54389203461205016       0.37917669385367914     
   2.8863220651510155E-004 -0.28594084392189928       0.88003568298601575       0.37917677994382626     
   7.1735752061699047E-003 -0.92532426867440454        0.0000000000000000       0.37917673689478665     
   2.8863220651510155E-004 -0.28594084392189928      -0.88003568298601575       0.37917677994382626     
   1.0594276453359214E-003  0.74860302532367440      -0.54389203461205016       0.37917669385367914     
